-329.589480 0.000000
-319.589480 0.000000
-309.589480 0.000000
-299.589480 0.000000
-289.589480 0.000000
-279.589480 0.000000
-269.589480 0.000001
-259.589480 0.000002
-249.589480 0.000003
-239.589480 0.000006
-229.589480 0.000011
-219.589480 0.000018
-209.589480 0.000031
-199.589480 0.000050
-189.589480 0.000081
-179.589480 0.000126
-169.589480 0.000192
-159.589480 0.000286
-149.589480 0.000416
-139.589480 0.000589
-129.589480 0.000816
-119.589480 0.001102
-109.589480 0.001454
-99.589480 0.001872
-89.589480 0.002352
-79.589480 0.002885
-69.589480 0.003455
-59.589480 0.004038
-49.589480 0.004607
-39.589480 0.005131
-29.589480 0.005578
-19.589480 0.005919
-9.589480 0.006132
0.410520 0.006200
10.410520 0.006120
20.410520 0.005896
30.410520 0.005545
40.410520 0.005090
50.410520 0.004562
60.410520 0.003990
70.410520 0.003407
80.410520 0.002840
90.410520 0.002310
100.410520 0.001835
110.410520 0.001422
120.410520 0.001076
130.410520 0.000795
140.410520 0.000573
150.410520 0.000403
160.410520 0.000277
170.410520 0.000186
180.410520 0.000122
190.410520 0.000078
200.410520 0.000049
210.410520 0.000030
220.410520 0.000018
230.410520 0.000010
240.410520 0.000006
250.410520 0.000003
260.410520 0.000002
270.410520 0.000001
280.410520 0.000000
290.410520 0.000000
300.410520 0.000000
310.410520 0.000000
