-1.000000e+000 3.846154e-002
-9.800000e-001 3.998401e-002
-9.600000e-001 4.159734e-002
-9.400000e-001 4.330879e-002
-9.200000e-001 4.512635e-002
-9.000000e-001 4.705882e-002
-8.800000e-001 4.911591e-002
-8.600000e-001 5.130836e-002
-8.400000e-001 5.364807e-002
-8.200000e-001 5.614823e-002
-8.000000e-001 5.882353e-002
-7.800000e-001 6.169031e-002
-7.600000e-001 6.476684e-002
-7.400000e-001 6.807352e-002
-7.200000e-001 7.163324e-002
-7.000000e-001 7.547170e-002
-6.800000e-001 7.961783e-002
-6.600000e-001 8.410429e-002
-6.400000e-001 8.896797e-002
-6.200000e-001 9.425071e-002
-6.000000e-001 1.000000e-001
-5.800000e-001 1.062699e-001
-5.600000e-001 1.131222e-001
-5.400000e-001 1.206273e-001
-5.200000e-001 1.288660e-001
-5.000000e-001 1.379310e-001
-4.800000e-001 1.479290e-001
-4.600000e-001 1.589825e-001
-4.400000e-001 1.712329e-001
-4.200000e-001 1.848429e-001
-4.000000e-001 2.000000e-001
-3.800000e-001 2.169197e-001
-3.600000e-001 2.358491e-001
-3.400000e-001 2.570694e-001
-3.200000e-001 2.808989e-001
-3.000000e-001 3.076923e-001
-2.800000e-001 3.378378e-001
-2.600000e-001 3.717472e-001
-2.400000e-001 4.098361e-001
-2.200000e-001 4.524887e-001
-2.000000e-001 5.000000e-001
-1.800000e-001 5.524862e-001
-1.600000e-001 6.097561e-001
-1.400000e-001 6.711409e-001
-1.200000e-001 7.352941e-001
-1.000000e-001 8.000000e-001
-8.000000e-002 8.620690e-001
-6.000000e-002 9.174312e-001
-4.000000e-002 9.615385e-001
-2.000000e-002 9.900990e-001
6.175616e-016 1.000000e+000
2.000000e-002 9.900990e-001
4.000000e-002 9.615385e-001
6.000000e-002 9.174312e-001
8.000000e-002 8.620690e-001
1.000000e-001 8.000000e-001
1.200000e-001 7.352941e-001
1.400000e-001 6.711409e-001
1.600000e-001 6.097561e-001
1.800000e-001 5.524862e-001
2.000000e-001 5.000000e-001
2.200000e-001 4.524887e-001
2.400000e-001 4.098361e-001
2.600000e-001 3.717472e-001
2.800000e-001 3.378378e-001
3.000000e-001 3.076923e-001
3.200000e-001 2.808989e-001
3.400000e-001 2.570694e-001
3.600000e-001 2.358491e-001
3.800000e-001 2.169197e-001
4.000000e-001 2.000000e-001
4.200000e-001 1.848429e-001
4.400000e-001 1.712329e-001
4.600000e-001 1.589825e-001
4.800000e-001 1.479290e-001
5.000000e-001 1.379310e-001
5.200000e-001 1.288660e-001
5.400000e-001 1.206273e-001
5.600000e-001 1.131222e-001
5.800000e-001 1.062699e-001
6.000000e-001 1.000000e-001
6.200000e-001 9.425071e-002
6.400000e-001 8.896797e-002
6.600000e-001 8.410429e-002
6.800000e-001 7.961783e-002
7.000000e-001 7.547170e-002
7.200000e-001 7.163324e-002
7.400000e-001 6.807352e-002
7.600000e-001 6.476684e-002
7.800000e-001 6.169031e-002
8.000000e-001 5.882353e-002
8.200000e-001 5.614823e-002
8.400000e-001 5.364807e-002
8.600000e-001 5.130836e-002
8.800000e-001 4.911591e-002
9.000000e-001 4.705882e-002
9.200000e-001 4.512635e-002
9.400000e-001 4.330879e-002
9.600000e-001 4.159734e-002
9.800000e-001 3.998401e-002
