-1.000000e+000 3.846154e-002
-9.800000e-001 -5.823814e+001
-9.600000e-001 -5.086442e+001
-9.400000e-001 -2.866257e+001
-9.200000e-001 -1.033451e+001
-9.000000e-001 4.705882e-002
-8.800000e-001 3.945073e+000
-8.600000e-001 4.069132e+000
-8.400000e-001 2.674355e+000
-8.200000e-001 1.135307e+000
-8.000000e-001 5.882353e-002
-7.800000e-001 -4.458677e-001
-7.600000e-001 -5.135540e-001
-7.400000e-001 -3.458790e-001
-7.200000e-001 -1.143479e-001
-7.000000e-001 7.547170e-002
-6.800000e-001 1.822831e-001
-6.600000e-001 2.100928e-001
-6.400000e-001 1.857752e-001
-6.200000e-001 1.408043e-001
-6.000000e-001 1.000000e-001
-5.800000e-001 7.704978e-002
-5.600000e-001 7.501127e-002
-5.400000e-001 8.956400e-002
-5.200000e-001 1.130482e-001
-5.000000e-001 1.379310e-001
-4.800000e-001 1.590076e-001
-4.600000e-001 1.742122e-001
-4.400000e-001 1.842980e-001
-4.200000e-001 1.918355e-001
-4.000000e-001 2.000000e-001
-3.800000e-001 2.115320e-001
-3.600000e-001 2.280983e-001
-3.400000e-001 2.501226e-001
-3.200000e-001 2.770218e-001
-3.000000e-001 3.076923e-001
-2.800000e-001 3.410637e-001
-2.600000e-001 3.765481e-001
-2.400000e-001 4.142700e-001
-2.200000e-001 4.550259e-001
-2.000000e-001 5.000000e-001
-1.800000e-001 5.503136e-001
-1.600000e-001 6.065255e-001
-1.400000e-001 6.682034e-001
-1.200000e-001 7.336720e-001
-1.000000e-001 8.000000e-001
-8.000000e-002 8.632436e-001
-6.000000e-002 9.189083e-001
-4.000000e-002 9.625511e-001
-2.000000e-002 9.904176e-001
6.175616e-016 1.000000e+000
2.000000e-002 9.904176e-001
4.000000e-002 9.625511e-001
6.000000e-002 9.189083e-001
8.000000e-002 8.632436e-001
1.000000e-001 8.000000e-001
1.200000e-001 7.336720e-001
1.400000e-001 6.682034e-001
1.600000e-001 6.065255e-001
1.800000e-001 5.503136e-001
2.000000e-001 5.000000e-001
2.200000e-001 4.550259e-001
2.400000e-001 4.142700e-001
2.600000e-001 3.765481e-001
2.800000e-001 3.410637e-001
3.000000e-001 3.076923e-001
3.200000e-001 2.770218e-001
3.400000e-001 2.501226e-001
3.600000e-001 2.280983e-001
3.800000e-001 2.115320e-001
4.000000e-001 2.000000e-001
4.200000e-001 1.918355e-001
4.400000e-001 1.842980e-001
4.600000e-001 1.742122e-001
4.800000e-001 1.590076e-001
5.000000e-001 1.379310e-001
5.200000e-001 1.130482e-001
5.400000e-001 8.956400e-002
5.600000e-001 7.501127e-002
5.800000e-001 7.704978e-002
6.000000e-001 1.000000e-001
6.200000e-001 1.408043e-001
6.400000e-001 1.857752e-001
6.600000e-001 2.100928e-001
6.800000e-001 1.822831e-001
7.000000e-001 7.547170e-002
7.200000e-001 -1.143479e-001
7.400000e-001 -3.458790e-001
7.600000e-001 -5.135540e-001
7.800000e-001 -4.458677e-001
8.000000e-001 5.882353e-002
8.200000e-001 1.135307e+000
8.400000e-001 2.674355e+000
8.600000e-001 4.069132e+000
8.800000e-001 3.945073e+000
9.000000e-001 4.705882e-002
9.200000e-001 -1.033451e+001
9.400000e-001 -2.866257e+001
9.600000e-001 -5.086442e+001
9.800000e-001 -5.823814e+001
