-1.000000e+000 3.846154e-002
-9.800000e-001 1.369250e-002
-9.600000e-001 -6.920000e-003
-9.400000e-001 -2.359981e-002
-9.200000e-001 -3.656615e-002
-9.000000e-001 -4.603365e-002
-8.800000e-001 -5.221231e-002
-8.600000e-001 -5.530750e-002
-8.400000e-001 -5.552000e-002
-8.200000e-001 -5.304596e-002
-8.000000e-001 -4.807692e-002
-7.800000e-001 -4.079981e-002
-7.600000e-001 -3.139692e-002
-7.400000e-001 -2.004596e-002
-7.200000e-001 -6.920000e-003
-7.000000e-001 7.812500e-003
-6.800000e-001 2.398769e-002
-6.600000e-001 4.144635e-002
-6.400000e-001 6.003385e-002
-6.200000e-001 7.960019e-002
-6.000000e-001 1.000000e-001
-5.800000e-001 1.210925e-001
-5.600000e-001 1.427415e-001
-5.400000e-001 1.648156e-001
-5.200000e-001 1.871877e-001
-5.000000e-001 2.097356e-001
-4.800000e-001 2.323415e-001
-4.600000e-001 2.548925e-001
-4.400000e-001 2.772800e-001
-4.200000e-001 2.994002e-001
-4.000000e-001 3.211538e-001
-3.800000e-001 3.424463e-001
-3.600000e-001 3.631877e-001
-3.400000e-001 3.832925e-001
-3.200000e-001 4.026800e-001
-3.000000e-001 4.212740e-001
-2.800000e-001 4.390031e-001
-2.600000e-001 4.558002e-001
-2.400000e-001 4.716031e-001
-2.200000e-001 4.863540e-001
-2.000000e-001 5.000000e-001
-1.800000e-001 5.124925e-001
-1.600000e-001 5.237877e-001
-1.400000e-001 5.338463e-001
-1.200000e-001 5.426338e-001
-1.000000e-001 5.501202e-001
-8.000000e-002 5.562800e-001
-6.000000e-002 5.610925e-001
-4.000000e-002 5.645415e-001
-2.000000e-002 5.666156e-001
6.175616e-016 5.673077e-001
2.000000e-002 5.666156e-001
4.000000e-002 5.645415e-001
6.000000e-002 5.610925e-001
8.000000e-002 5.562800e-001
1.000000e-001 5.501202e-001
1.200000e-001 5.426338e-001
1.400000e-001 5.338463e-001
1.600000e-001 5.237877e-001
1.800000e-001 5.124925e-001
2.000000e-001 5.000000e-001
2.200000e-001 4.863540e-001
2.400000e-001 4.716031e-001
2.600000e-001 4.558002e-001
2.800000e-001 4.390031e-001
3.000000e-001 4.212740e-001
3.200000e-001 4.026800e-001
3.400000e-001 3.832925e-001
3.600000e-001 3.631877e-001
3.800000e-001 3.424463e-001
4.000000e-001 3.211538e-001
4.200000e-001 2.994002e-001
4.400000e-001 2.772800e-001
4.600000e-001 2.548925e-001
4.800000e-001 2.323415e-001
5.000000e-001 2.097356e-001
5.200000e-001 1.871877e-001
5.400000e-001 1.648156e-001
5.600000e-001 1.427415e-001
5.800000e-001 1.210925e-001
6.000000e-001 1.000000e-001
6.200000e-001 7.960019e-002
6.400000e-001 6.003385e-002
6.600000e-001 4.144635e-002
6.800000e-001 2.398769e-002
7.000000e-001 7.812500e-003
7.200000e-001 -6.920000e-003
7.400000e-001 -2.004596e-002
7.600000e-001 -3.139692e-002
7.800000e-001 -4.079981e-002
8.000000e-001 -4.807692e-002
8.200000e-001 -5.304596e-002
8.400000e-001 -5.552000e-002
8.600000e-001 -5.530750e-002
8.800000e-001 -5.221231e-002
9.000000e-001 -4.603365e-002
9.200000e-001 -3.656615e-002
9.400000e-001 -2.359981e-002
9.600000e-001 -6.920000e-003
9.800000e-001 1.369250e-002
