-1.000000e+000 3.846154e-002
-9.900000e-001 3.922764e-002
-9.800000e-001 4.000997e-002
-9.700000e-001 4.081025e-002
-9.600000e-001 4.163019e-002
-9.500000e-001 4.247151e-002
-9.400000e-001 4.333592e-002
-9.300000e-001 4.422514e-002
-9.200000e-001 4.514089e-002
-9.100000e-001 4.608488e-002
-9.000000e-001 4.705882e-002
-8.900000e-001 4.806445e-002
-8.800000e-001 4.910346e-002
-8.700000e-001 5.017758e-002
-8.600000e-001 5.128852e-002
-8.500000e-001 5.243800e-002
-8.400000e-001 5.362773e-002
-8.300000e-001 5.485943e-002
-8.200000e-001 5.613482e-002
-8.100000e-001 5.745562e-002
-8.000000e-001 5.882353e-002
-7.900000e-001 6.024028e-002
-7.800000e-001 6.170757e-002
-7.700000e-001 6.322714e-002
-7.600000e-001 6.480068e-002
-7.500000e-001 6.642993e-002
-7.400000e-001 6.811659e-002
-7.300000e-001 6.986238e-002
-7.200000e-001 7.166902e-002
-7.100000e-001 7.353822e-002
-7.000000e-001 7.547170e-002
-6.900000e-001 7.762736e-002
-6.800000e-001 7.982043e-002
-6.700000e-001 8.206165e-002
-6.600000e-001 8.436174e-002
-6.500000e-001 8.673146e-002
-6.400000e-001 8.918152e-002
-6.300000e-001 9.172267e-002
-6.200000e-001 9.436565e-002
-6.100000e-001 9.712118e-002
-6.000000e-001 1.000000e-001
-5.900000e-001 1.030128e-001
-5.800000e-001 1.061705e-001
-5.700000e-001 1.094836e-001
-5.600000e-001 1.129629e-001
-5.500000e-001 1.166192e-001
-5.400000e-001 1.204632e-001
-5.300000e-001 1.245057e-001
-5.200000e-001 1.287573e-001
-5.100000e-001 1.332289e-001
-5.000000e-001 1.379310e-001
-4.900000e-001 1.428746e-001
-4.800000e-001 1.480703e-001
-4.700000e-001 1.535288e-001
-4.600000e-001 1.592609e-001
-4.500000e-001 1.652773e-001
-4.400000e-001 1.715888e-001
-4.300000e-001 1.782061e-001
-4.200000e-001 1.851399e-001
-4.100000e-001 1.924009e-001
-4.000000e-001 2.000000e-001
-3.900000e-001 2.076192e-001
-3.800000e-001 2.158769e-001
-3.700000e-001 2.247962e-001
-3.600000e-001 2.344000e-001
-3.500000e-001 2.447115e-001
-3.400000e-001 2.557538e-001
-3.300000e-001 2.675500e-001
-3.200000e-001 2.801231e-001
-3.100000e-001 2.934962e-001
-3.000000e-001 3.076923e-001
-2.900000e-001 3.227346e-001
-2.800000e-001 3.386462e-001
-2.700000e-001 3.554500e-001
-2.600000e-001 3.731692e-001
-2.500000e-001 3.918269e-001
-2.400000e-001 4.114462e-001
-2.300000e-001 4.320500e-001
-2.200000e-001 4.536615e-001
-2.100000e-001 4.763038e-001
-2.000000e-001 5.000000e-001
-1.900000e-001 5.247731e-001
-1.800000e-001 5.506462e-001
-1.700000e-001 5.776423e-001
-1.600000e-001 6.057846e-001
-1.500000e-001 6.350962e-001
-1.400000e-001 6.656000e-001
-1.300000e-001 6.973192e-001
-1.200000e-001 7.302769e-001
-1.100000e-001 7.644962e-001
-1.000000e-001 8.000000e-001
-9.000000e-002 8.465500e-001
-8.000000e-002 8.864000e-001
-7.000000e-002 9.198500e-001
-6.000000e-002 9.472000e-001
-5.000000e-002 9.687500e-001
-4.000000e-002 9.848000e-001
-3.000000e-002 9.956500e-001
-2.000000e-002 1.001600e+000
-1.000000e-002 1.002950e+000
4.510281e-017 1.000000e+000
1.000000e-002 9.930500e-001
2.000000e-002 9.824000e-001
3.000000e-002 9.683500e-001
4.000000e-002 9.512000e-001
5.000000e-002 9.312500e-001
6.000000e-002 9.088000e-001
7.000000e-002 8.841500e-001
8.000000e-002 8.576000e-001
9.000000e-002 8.294500e-001
1.000000e-001 8.000000e-001
1.100000e-001 7.695500e-001
1.200000e-001 7.384000e-001
1.300000e-001 7.068500e-001
1.400000e-001 6.752000e-001
1.500000e-001 6.437500e-001
1.600000e-001 6.128000e-001
1.700000e-001 5.826500e-001
1.800000e-001 5.536000e-001
1.900000e-001 5.259500e-001
2.000000e-001 5.000000e-001
2.100000e-001 4.758503e-001
2.200000e-001 4.528976e-001
2.300000e-001 4.311031e-001
2.400000e-001 4.104276e-001
2.500000e-001 3.908322e-001
2.600000e-001 3.722780e-001
2.700000e-001 3.547259e-001
2.800000e-001 3.381369e-001
2.900000e-001 3.224720e-001
3.000000e-001 3.076923e-001
3.100000e-001 2.937588e-001
3.200000e-001 2.806324e-001
3.300000e-001 2.682741e-001
3.400000e-001 2.566451e-001
3.500000e-001 2.457062e-001
3.600000e-001 2.354186e-001
3.700000e-001 2.257431e-001
3.800000e-001 2.166408e-001
3.900000e-001 2.080728e-001
4.000000e-001 2.000000e-001
4.100000e-001 1.923834e-001
4.200000e-001 1.851841e-001
4.300000e-001 1.783630e-001
4.400000e-001 1.718812e-001
4.500000e-001 1.656996e-001
4.600000e-001 1.597793e-001
4.700000e-001 1.540813e-001
4.800000e-001 1.485666e-001
4.900000e-001 1.431962e-001
5.000000e-001 1.379310e-001
5.100000e-001 1.333774e-001
5.200000e-001 1.290075e-001
5.300000e-001 1.248158e-001
5.400000e-001 1.207968e-001
5.500000e-001 1.169450e-001
5.600000e-001 1.132548e-001
5.700000e-001 1.097207e-001
5.800000e-001 1.063373e-001
5.900000e-001 1.030989e-001
6.000000e-001 1.000000e-001
6.100000e-001 9.703517e-002
6.200000e-001 9.419884e-002
6.300000e-001 9.148550e-002
6.400000e-001 8.888962e-002
6.500000e-001 8.640567e-002
6.600000e-001 8.402814e-002
6.700000e-001 8.175150e-002
6.800000e-001 7.957022e-002
6.900000e-001 7.747880e-002
7.000000e-001 7.547170e-002
7.100000e-001 7.354340e-002
7.200000e-001 7.168838e-002
7.300000e-001 6.990111e-002
7.400000e-001 6.817608e-002
7.500000e-001 6.650776e-002
7.600000e-001 6.489063e-002
7.700000e-001 6.331916e-002
7.800000e-001 6.178784e-002
7.900000e-001 6.029113e-002
8.000000e-001 5.882353e-002
8.100000e-001 5.747512e-002
8.200000e-001 5.616767e-002
8.300000e-001 5.490015e-002
8.400000e-001 5.367153e-002
8.500000e-001 5.248077e-002
8.600000e-001 5.132684e-002
8.700000e-001 5.020871e-002
8.800000e-001 4.912536e-002
8.900000e-001 4.807574e-002
9.000000e-001 4.705882e-002
9.100000e-001 4.607358e-002
9.200000e-001 4.511899e-002
9.300000e-001 4.419400e-002
9.400000e-001 4.329759e-002
9.500000e-001 4.242873e-002
9.600000e-001 4.158639e-002
9.700000e-001 4.076953e-002
9.800000e-001 3.997712e-002
9.900000e-001 3.920814e-002
1.000000e+000 3.846154e-002
1.010000e+000 3.773630e-002
1.020000e+000 3.703138e-002
1.030000e+000 3.634576e-002
1.040000e+000 3.567841e-002
1.050000e+000 3.502828e-002
1.060000e+000 3.439435e-002
1.070000e+000 3.377559e-002
1.080000e+000 3.317097e-002
1.090000e+000 3.257945e-002
