0.000000e+000 0.000000e+000
1.000000e-001 1.124629e-001
2.000000e-001 2.227026e-001
3.000000e-001 3.286268e-001
4.000000e-001 4.283924e-001
5.000000e-001 5.204999e-001
6.000000e-001 6.038561e-001
7.000000e-001 6.778012e-001
8.000000e-001 7.421010e-001
9.000000e-001 7.969082e-001
1.000000e+000 8.427008e-001
1.100000e+000 8.802051e-001
1.200000e+000 9.103140e-001
1.300000e+000 9.340080e-001
1.400000e+000 9.522851e-001
1.500000e+000 9.661052e-001
1.600000e+000 9.763484e-001
1.700000e+000 9.837905e-001
1.800000e+000 9.890906e-001
1.900000e+000 9.927906e-001
2.000000e+000 9.953225e-001
2.100000e+000 9.970207e-001
2.200000e+000 9.981373e-001
2.300000e+000 9.988567e-001
2.400000e+000 9.993110e-001
2.500000e+000 9.995919e-001
2.600000e+000 9.997619e-001
2.700000e+000 9.998622e-001
2.800000e+000 9.999197e-001
2.900000e+000 9.999589e-001
3.000000e+000 9.999779e-001
3.100000e+000 9.999884e-001
3.200000e+000 9.999940e-001
3.300000e+000 9.999970e-001
3.400000e+000 9.999986e-001
3.500000e+000 9.999994e-001
3.600000e+000 9.999998e-001
3.700000e+000 1.000000e+000
3.800000e+000 1.000000e+000
3.900000e+000 1.000000e+000
4.000000e+000 1.000000e+000
4.100000e+000 1.000000e+000
4.200000e+000 1.000000e+000
4.300000e+000 1.000000e+000
4.400000e+000 1.000000e+000
4.500000e+000 1.000000e+000
4.600000e+000 9.999999e-001
4.700000e+000 9.999997e-001
4.800000e+000 9.999995e-001
4.900000e+000 9.999992e-001
5.000000e+000 9.999989e-001
