0.000000e+000 0.000000e+000
1.000000e-001 1.124629e-001
2.000000e-001 2.227026e-001
3.000000e-001 3.286267e-001
4.000000e-001 4.283923e-001
5.000000e-001 5.204998e-001
6.000000e-001 6.038560e-001
7.000000e-001 6.778011e-001
8.000000e-001 7.421008e-001
9.000000e-001 7.969080e-001
1.000000e+000 8.427005e-001
1.100000e+000 8.802050e-001
1.200000e+000 9.103137e-001
1.300000e+000 9.340076e-001
1.400000e+000 9.522848e-001
1.500000e+000 9.661049e-001
1.600000e+000 9.763482e-001
1.700000e+000 9.837903e-001
1.800000e+000 9.890903e-001
1.900000e+000 9.927903e-001
2.000000e+000 9.953222e-001
2.100000e+000 9.970202e-001
2.200000e+000 9.981369e-001
2.300000e+000 9.988567e-001
2.400000e+000 9.993114e-001
2.500000e+000 9.995930e-001
2.600000e+000 9.997637e-001
2.700000e+000 9.998655e-001
2.800000e+000 9.999249e-001
2.900000e+000 9.999586e-001
3.000000e+000 9.999778e-001
3.100000e+000 9.999883e-001
3.200000e+000 9.999937e-001
3.300000e+000 9.999968e-001
3.400000e+000 9.999975e-001
3.500000e+000 9.999991e-001
3.600000e+000 9.999996e-001
3.700000e+000 9.999998e-001
3.800000e+000 9.999999e-001
3.900000e+000 9.999999e-001
4.000000e+000 1.000000e+000
4.100000e+000 1.000000e+000
4.200000e+000 1.000000e+000
4.300000e+000 1.000000e+000
4.400000e+000 1.000000e+000
4.500000e+000 1.000000e+000
4.600000e+000 1.000000e+000
4.700000e+000 1.000000e+000
4.800000e+000 1.000000e+000
4.900000e+000 1.000000e+000
5.000000e+000 1.000000e+000
