7.812500e-003 -4.981237e-002
2.343750e-002 9.280176e-002
3.906250e-002 2.345222e-001
5.468750e-002 3.739840e-001
7.031250e-002 5.098441e-001
8.593750e-002 6.407942e-001
1.015625e-001 7.655731e-001
1.171875e-001 8.829791e-001
1.328125e-001 9.918815e-001
1.484375e-001 1.091232e+000
1.640625e-001 1.180072e+000
1.796875e-001 1.257549e+000
1.953125e-001 1.322914e+000
2.109375e-001 1.375539e+000
2.265625e-001 1.414916e+000
2.421875e-001 1.440668e+000
2.578125e-001 1.452545e+000
2.734375e-001 1.450433e+000
2.890625e-001 1.434352e+000
3.046875e-001 1.404458e+000
3.203125e-001 1.361039e+000
3.359375e-001 1.304511e+000
3.515625e-001 1.235421e+000
3.671875e-001 1.154433e+000
3.828125e-001 1.062327e+000
3.984375e-001 9.599900e-001
4.140625e-001 8.484080e-001
4.296875e-001 7.286554e-001
4.453125e-001 6.018854e-001
4.609375e-001 4.693189e-001
4.765625e-001 3.322326e-001
4.921875e-001 1.919468e-001
5.078125e-001 4.981237e-002
5.234375e-001 -9.280176e-002
5.390625e-001 -2.345222e-001
5.546875e-001 -3.739840e-001
5.703125e-001 -5.098441e-001
5.859375e-001 -6.407942e-001
6.015625e-001 -7.655731e-001
6.171875e-001 -8.829791e-001
6.328125e-001 -9.918815e-001
6.484375e-001 -1.091232e+000
6.640625e-001 -1.180072e+000
6.796875e-001 -1.257549e+000
6.953125e-001 -1.322914e+000
7.109375e-001 -1.375539e+000
7.265625e-001 -1.414916e+000
7.421875e-001 -1.440668e+000
7.578125e-001 -1.452545e+000
7.734375e-001 -1.450433e+000
7.890625e-001 -1.434352e+000
8.046875e-001 -1.404458e+000
8.203125e-001 -1.361039e+000
8.359375e-001 -1.304511e+000
8.515625e-001 -1.235421e+000
8.671875e-001 -1.154433e+000
8.828125e-001 -1.062327e+000
8.984375e-001 -9.599900e-001
9.140625e-001 -8.484080e-001
9.296875e-001 -7.286554e-001
9.453125e-001 -6.018854e-001
9.609375e-001 -4.693189e-001
9.765625e-001 -3.322326e-001
9.921875e-001 -1.919468e-001
1.007813e+000 -4.981237e-002
1.023438e+000 9.280176e-002
1.039063e+000 2.345222e-001
1.054688e+000 3.739840e-001
1.070313e+000 5.098441e-001
1.085938e+000 6.407942e-001
1.101563e+000 7.655731e-001
1.117188e+000 8.829791e-001
1.132813e+000 9.918815e-001
1.148438e+000 1.091232e+000
1.164063e+000 1.180072e+000
1.179688e+000 1.257549e+000
1.195313e+000 1.322914e+000
1.210938e+000 1.375539e+000
1.226563e+000 1.414916e+000
1.242188e+000 1.440668e+000
1.257813e+000 1.452545e+000
1.273438e+000 1.450433e+000
1.289063e+000 1.434352e+000
1.304688e+000 1.404458e+000
1.320313e+000 1.361039e+000
1.335938e+000 1.304511e+000
1.351563e+000 1.235421e+000
1.367188e+000 1.154433e+000
1.382813e+000 1.062327e+000
1.398438e+000 9.599900e-001
1.414063e+000 8.484080e-001
1.429688e+000 7.286554e-001
1.445313e+000 6.018854e-001
1.460938e+000 4.693189e-001
1.476563e+000 3.322326e-001
1.492188e+000 1.919468e-001
1.507813e+000 4.981237e-002
1.523438e+000 -9.280176e-002
1.539063e+000 -2.345222e-001
1.554688e+000 -3.739840e-001
1.570313e+000 -5.098441e-001
1.585938e+000 -6.407942e-001
1.601563e+000 -7.655731e-001
1.617188e+000 -8.829791e-001
1.632813e+000 -9.918815e-001
1.648438e+000 -1.091232e+000
1.664063e+000 -1.180072e+000
1.679688e+000 -1.257549e+000
1.695313e+000 -1.322914e+000
1.710938e+000 -1.375539e+000
1.726563e+000 -1.414916e+000
1.742188e+000 -1.440668e+000
1.757813e+000 -1.452545e+000
1.773438e+000 -1.450433e+000
1.789063e+000 -1.434352e+000
1.804688e+000 -1.404458e+000
1.820313e+000 -1.361039e+000
1.835938e+000 -1.304511e+000
1.851563e+000 -1.235421e+000
1.867188e+000 -1.154433e+000
1.882813e+000 -1.062327e+000
1.898438e+000 -9.599900e-001
1.914063e+000 -8.484080e-001
1.929688e+000 -7.286554e-001
1.945313e+000 -6.018854e-001
1.960938e+000 -4.693189e-001
1.976563e+000 -3.322326e-001
1.992188e+000 -1.919468e-001
2.007813e+000 -4.981237e-002
2.023438e+000 9.280176e-002
2.039063e+000 2.345222e-001
2.054688e+000 3.739840e-001
2.070313e+000 5.098441e-001
2.085938e+000 6.407942e-001
2.101563e+000 7.655731e-001
2.117188e+000 8.829791e-001
2.132813e+000 9.918815e-001
2.148438e+000 1.091232e+000
2.164063e+000 1.180072e+000
2.179688e+000 1.257549e+000
2.195313e+000 1.322914e+000
2.210938e+000 1.375539e+000
2.226563e+000 1.414916e+000
2.242188e+000 1.440668e+000
2.257813e+000 1.452545e+000
2.273438e+000 1.450433e+000
2.289063e+000 1.434352e+000
2.304688e+000 1.404458e+000
2.320313e+000 1.361039e+000
2.335938e+000 1.304511e+000
2.351563e+000 1.235421e+000
2.367188e+000 1.154433e+000
2.382813e+000 1.062327e+000
2.398438e+000 9.599900e-001
2.414063e+000 8.484080e-001
2.429688e+000 7.286554e-001
2.445313e+000 6.018854e-001
2.460938e+000 4.693189e-001
2.476563e+000 3.322326e-001
2.492188e+000 1.919468e-001
2.507813e+000 4.981237e-002
2.523438e+000 -9.280176e-002
2.539063e+000 -2.345222e-001
2.554688e+000 -3.739840e-001
2.570313e+000 -5.098441e-001
2.585938e+000 -6.407942e-001
2.601563e+000 -7.655731e-001
2.617188e+000 -8.829791e-001
2.632813e+000 -9.918815e-001
2.648438e+000 -1.091232e+000
2.664063e+000 -1.180072e+000
2.679688e+000 -1.257549e+000
2.695313e+000 -1.322914e+000
2.710938e+000 -1.375539e+000
2.726563e+000 -1.414916e+000
2.742188e+000 -1.440668e+000
2.757813e+000 -1.452545e+000
2.773438e+000 -1.450433e+000
2.789063e+000 -1.434352e+000
2.804688e+000 -1.404458e+000
2.820313e+000 -1.361039e+000
2.835938e+000 -1.304511e+000
2.851563e+000 -1.235421e+000
2.867188e+000 -1.154433e+000
2.882813e+000 -1.062327e+000
2.898438e+000 -9.599900e-001
2.914063e+000 -8.484080e-001
2.929688e+000 -7.286554e-001
2.945313e+000 -6.018854e-001
2.960938e+000 -4.693189e-001
2.976563e+000 -3.322326e-001
2.992188e+000 -1.919468e-001
3.007813e+000 -4.981237e-002
3.023438e+000 9.280176e-002
3.039063e+000 2.345222e-001
3.054688e+000 3.739840e-001
3.070313e+000 5.098441e-001
3.085938e+000 6.407942e-001
3.101563e+000 7.655731e-001
3.117188e+000 8.829791e-001
3.132813e+000 9.918815e-001
3.148438e+000 1.091232e+000
3.164063e+000 1.180072e+000
3.179688e+000 1.257549e+000
3.195313e+000 1.322914e+000
3.210938e+000 1.375539e+000
3.226563e+000 1.414916e+000
3.242188e+000 1.440668e+000
3.257813e+000 1.452545e+000
3.273438e+000 1.450433e+000
3.289063e+000 1.434352e+000
3.304688e+000 1.404458e+000
3.320313e+000 1.361039e+000
3.335938e+000 1.304511e+000
3.351563e+000 1.235421e+000
3.367188e+000 1.154433e+000
3.382813e+000 1.062327e+000
3.398438e+000 9.599900e-001
3.414063e+000 8.484080e-001
3.429688e+000 7.286554e-001
3.445313e+000 6.018854e-001
3.460938e+000 4.693189e-001
3.476563e+000 3.322326e-001
3.492188e+000 1.919468e-001
3.507813e+000 4.981237e-002
3.523438e+000 -9.280176e-002
3.539063e+000 -2.345222e-001
3.554688e+000 -3.739840e-001
3.570313e+000 -5.098441e-001
3.585938e+000 -6.407942e-001
3.601563e+000 -7.655731e-001
3.617188e+000 -8.829791e-001
3.632813e+000 -9.918815e-001
3.648438e+000 -1.091232e+000
3.664063e+000 -1.180072e+000
3.679688e+000 -1.257549e+000
3.695313e+000 -1.322914e+000
3.710938e+000 -1.375539e+000
3.726563e+000 -1.414916e+000
3.742188e+000 -1.440668e+000
3.757813e+000 -1.452545e+000
3.773438e+000 -1.450433e+000
3.789063e+000 -1.434352e+000
3.804688e+000 -1.404458e+000
3.820313e+000 -1.361039e+000
3.835938e+000 -1.304511e+000
3.851563e+000 -1.235421e+000
3.867188e+000 -1.154433e+000
3.882813e+000 -1.062327e+000
3.898438e+000 -9.599900e-001
3.914063e+000 -8.484080e-001
3.929688e+000 -7.286554e-001
3.945313e+000 -6.018854e-001
3.960938e+000 -4.693189e-001
3.976563e+000 -3.322326e-001
3.992188e+000 -1.919468e-001
