0.000000e+000 0.000000e+000
5.000000e-002 3.090170e-001
1.000000e-001 5.877853e-001
1.500000e-001 8.090170e-001
2.000000e-001 9.510565e-001
2.500000e-001 1.000000e+000
3.000000e-001 9.510565e-001
3.500000e-001 8.090170e-001
4.000000e-001 5.877853e-001
4.500000e-001 3.090170e-001
5.000000e-001 5.665498e-016
5.500000e-001 -3.090170e-001
6.000000e-001 -5.877853e-001
6.500000e-001 -8.090170e-001
7.000000e-001 -9.510565e-001
7.500000e-001 -1.000000e+000
8.000000e-001 -9.510565e-001
8.500000e-001 -8.090170e-001
9.000000e-001 -5.877853e-001
9.500000e-001 -3.090170e-001
1.000000e+000 1.531436e-015
1.050000e+000 3.090170e-001
1.100000e+000 5.877853e-001
1.150000e+000 8.090170e-001
1.200000e+000 9.510565e-001
1.250000e+000 1.000000e+000
1.300000e+000 9.510565e-001
1.350000e+000 8.090170e-001
1.400000e+000 5.877853e-001
1.450000e+000 3.090170e-001
1.500000e+000 -3.185332e-015
1.550000e+000 -3.090170e-001
1.600000e+000 -5.877853e-001
1.650000e+000 -8.090170e-001
1.700000e+000 -9.510565e-001
1.750000e+000 -1.000000e+000
1.800000e+000 -9.510565e-001
1.850000e+000 -8.090170e-001
1.900000e+000 -5.877853e-001
1.950000e+000 -3.090170e-001
2.000000e+000 4.839228e-015
2.050000e+000 3.090170e-001
2.100000e+000 5.877853e-001
2.150000e+000 8.090170e-001
2.200000e+000 9.510565e-001
2.250000e+000 1.000000e+000
2.300000e+000 9.510565e-001
2.350000e+000 8.090170e-001
2.400000e+000 5.877853e-001
2.450000e+000 3.090170e-001
2.500000e+000 5.941374e-015
2.550000e+000 -3.090170e-001
2.600000e+000 -5.877853e-001
2.650000e+000 -8.090170e-001
2.700000e+000 -9.510565e-001
2.750000e+000 -1.000000e+000
2.800000e+000 -9.510565e-001
2.850000e+000 -8.090170e-001
2.900000e+000 -5.877853e-001
2.950000e+000 -3.090170e-001
3.000000e+000 -1.849833e-014
3.050000e+000 3.090170e-001
3.100000e+000 5.877853e-001
3.150000e+000 8.090170e-001
3.200000e+000 9.510565e-001
3.250000e+000 1.000000e+000
3.300000e+000 9.510565e-001
3.350000e+000 8.090170e-001
3.400000e+000 5.877853e-001
3.450000e+000 3.090170e-001
3.500000e+000 2.927893e-014
3.550000e+000 -3.090170e-001
3.600000e+000 -5.877853e-001
3.650000e+000 -8.090170e-001
3.700000e+000 -9.510565e-001
3.750000e+000 -1.000000e+000
3.800000e+000 -9.510565e-001
3.850000e+000 -8.090170e-001
3.900000e+000 -5.877853e-001
3.950000e+000 -3.090170e-001
4.000000e+000 -4.005954e-014
4.050000e+000 3.090170e-001
4.100000e+000 5.877853e-001
4.150000e+000 8.090170e-001
4.200000e+000 9.510565e-001
4.250000e+000 1.000000e+000
4.300000e+000 9.510565e-001
4.350000e+000 8.090170e-001
4.400000e+000 5.877853e-001
4.450000e+000 3.090170e-001
4.500000e+000 5.084014e-014
4.550000e+000 -3.090170e-001
4.600000e+000 -5.877853e-001
4.650000e+000 -8.090170e-001
4.700000e+000 -9.510565e-001
4.750000e+000 -1.000000e+000
4.800000e+000 -9.510565e-001
4.850000e+000 -8.090170e-001
4.900000e+000 -5.877853e-001
4.950000e+000 -3.090170e-001
5.000000e+000 -6.162074e-014
5.050000e+000 3.090170e-001
5.100000e+000 5.877853e-001
5.150000e+000 8.090170e-001
5.200000e+000 9.510565e-001
5.250000e+000 1.000000e+000
5.300000e+000 9.510565e-001
5.350000e+000 8.090170e-001
5.400000e+000 5.877853e-001
5.450000e+000 3.090170e-001
5.500000e+000 7.595405e-014
5.550000e+000 -3.090170e-001
5.600000e+000 -5.877853e-001
5.650000e+000 -8.090170e-001
5.700000e+000 -9.510565e-001
5.750000e+000 -1.000000e+000
5.800000e+000 -9.510565e-001
5.850000e+000 -8.090170e-001
5.900000e+000 -5.877853e-001
5.950000e+000 -3.090170e-001
6.000000e+000 -8.673466e-014
6.050000e+000 3.090170e-001
6.100000e+000 5.877853e-001
6.150000e+000 8.090170e-001
6.200000e+000 9.510565e-001
6.250000e+000 1.000000e+000
