0.000000e+000 0.000000e+000
5.000000e-002 -5.152041e+002
1.000000e-001 1.181403e+002
1.500000e-001 2.135096e+002
2.000000e-001 2.297333e+001
2.500000e-001 1.842478e+002
3.000000e-001 -7.183736e+001
3.500000e-001 -1.156126e+002
4.000000e-001 -2.763642e+002
4.500000e-001 1.342295e+002
5.000000e-001 3.941766e+002
5.500000e-001 -4.386445e+001
6.000000e-001 -8.198701e+001
6.500000e-001 1.987662e+002
7.000000e-001 -2.587768e+002
7.500000e-001 8.022350e-001
8.000000e-001 2.684470e+002
8.500000e-001 2.371606e+002
9.000000e-001 1.868666e+002
9.500000e-001 -2.919886e+002
1.000000e+000 -2.764401e+002
1.050000e+000 1.001028e+002
1.100000e+000 9.731700e+001
1.150000e+000 3.004584e+002
1.200000e+000 3.506569e+002
1.250000e+000 -2.264264e+002
1.300000e+000 -1.430225e+002
1.350000e+000 1.652488e+001
1.400000e+000 3.575447e+002
1.450000e+000 2.014990e+002
1.500000e+000 -1.574056e+002
1.550000e+000 8.521537e+001
1.600000e+000 1.731428e+002
1.650000e+000 -2.676313e+002
1.700000e+000 2.549283e+002
1.750000e+000 3.337253e+002
1.800000e+000 -1.057442e+002
1.850000e+000 5.541272e+001
1.900000e+000 1.074056e+002
1.950000e+000 1.520560e+001
2.000000e+000 -2.881351e+001
2.050000e+000 1.407902e+002
2.100000e+000 2.879119e+002
2.150000e+000 -1.195847e+002
2.200000e+000 -3.441001e+002
2.250000e+000 3.828321e+002
2.300000e+000 2.265474e+002
2.350000e+000 1.700779e+002
2.400000e+000 2.481055e+002
2.450000e+000 -1.197681e+002
2.500000e+000 -1.758474e+002
2.550000e+000 1.334832e+002
2.600000e+000 1.390339e+002
2.650000e+000 3.251225e+002
2.700000e+000 -6.086292e+001
2.750000e+000 -1.822395e+002
2.800000e+000 1.762441e+002
2.850000e+000 -3.306996e+001
2.900000e+000 7.205662e+001
2.950000e+000 1.698578e+002
3.000000e+000 1.287767e+002
3.050000e+000 1.505200e+002
3.100000e+000 -1.539713e+002
3.150000e+000 -1.779620e+002
3.200000e+000 3.040792e+002
3.250000e+000 -1.198450e+002
3.300000e+000 1.582924e+002
3.350000e+000 3.301402e+002
3.400000e+000 -1.814299e+002
3.450000e+000 -1.229644e+002
3.500000e+000 2.648417e+002
3.550000e+000 1.693760e+002
3.600000e+000 -3.617189e+001
3.650000e+000 -2.382347e+002
3.700000e+000 1.220979e+002
3.750000e+000 1.142295e+002
3.800000e+000 -2.423728e+002
3.850000e+000 2.411621e+002
3.900000e+000 4.628183e+001
3.950000e+000 -2.689137e+002
4.000000e+000 1.380450e+002
4.050000e+000 2.356742e+002
4.100000e+000 -1.182191e+002
4.150000e+000 7.434424e-001
4.200000e+000 -4.758835e+001
4.250000e+000 1.385768e+002
4.300000e+000 -1.265924e+002
4.350000e+000 -2.271801e+002
4.400000e+000 1.231393e+002
4.450000e+000 9.577943e+001
4.500000e+000 -3.884816e+001
4.550000e+000 1.239039e+002
4.600000e+000 -1.223964e+002
4.650000e+000 -1.467137e+002
4.700000e+000 -6.421844e+000
4.750000e+000 -7.228036e+001
4.800000e+000 1.933879e+002
4.850000e+000 -2.040353e+002
4.900000e+000 -2.342870e+002
4.950000e+000 2.374155e+002
5.000000e+000 -3.263939e+001
5.050000e+000 -3.468742e+002
5.100000e+000 1.424775e+002
5.150000e+000 6.518870e+001
5.200000e+000 3.900602e+001
5.250000e+000 -1.438429e+002
5.300000e+000 -1.021552e+002
5.350000e+000 -1.094233e+002
5.400000e+000 -3.817659e+002
5.450000e+000 1.178677e+002
5.500000e+000 3.650884e+002
5.550000e+000 -3.880702e+002
5.600000e+000 -1.976875e+002
5.650000e+000 2.171151e+002
5.700000e+000 -1.906685e+002
5.750000e+000 -5.612578e+001
5.800000e+000 -2.131893e+001
5.850000e+000 2.312501e+001
5.900000e+000 -1.453944e+002
5.950000e+000 -2.259313e+002
6.000000e+000 1.403915e+001
6.050000e+000 -4.103676e+001
6.100000e+000 -3.080056e+002
6.150000e+000 2.395345e+002
6.200000e+000 9.706327e+000
6.250000e+000 -3.110759e+002
