0.000000e+000 1.046119e-001
4.000000e-002 1.023346e-001
8.000000e-002 9.334367e-002
1.200000e-001 7.826196e-002
1.600000e-001 5.811960e-002
2.000000e-001 3.428745e-002
2.400000e-001 8.387916e-003
2.800000e-001 -1.781207e-002
3.200000e-001 -4.252011e-002
3.600000e-001 -6.404219e-002
4.000000e-001 -8.090327e-002
4.400000e-001 -9.195531e-002
4.800000e-001 -9.646287e-002
5.200000e-001 -9.415731e-002
5.600000e-001 -8.525349e-002
6.000000e-001 -7.042751e-002
6.400000e-001 -5.075909e-002
6.800000e-001 -2.764616e-002
7.200000e-001 -2.700648e-003
7.600000e-001 2.236554e-002
8.000000e-001 4.585658e-002
8.400000e-001 6.620397e-002
8.800000e-001 8.206714e-002
9.200000e-001 9.241803e-002
9.600000e-001 9.660527e-002
1.000000e+000 9.439426e-002
1.040000e+000 8.598097e-002
1.080000e+000 7.197831e-002
1.120000e+000 5.337584e-002
1.160000e+000 3.147465e-002
1.200000e+000 7.800940e-003
1.240000e+000 -1.599711e-002
1.280000e+000 -3.826330e-002
1.320000e+000 -5.745118e-002
1.360000e+000 -7.223709e-002
1.400000e+000 -8.161919e-002
1.440000e+000 -8.499269e-002
1.480000e+000 -8.219306e-002
1.520000e+000 -7.350231e-002
1.560000e+000 -5.961876e-002
1.600000e+000 -4.159488e-002
1.640000e+000 -2.075151e-002
1.680000e+000 1.422573e-003
1.720000e+000 2.337729e-002
1.760000e+000 4.360710e-002
1.800000e+000 6.075000e-002
1.840000e+000 7.367470e-002
1.880000e+000 8.155163e-002
1.920000e+000 8.390406e-002
1.960000e+000 8.063672e-002
2.000000e+000 7.203997e-002
2.040000e+000 5.876944e-002
2.080000e+000 4.180157e-002
2.120000e+000 2.236757e-002
2.160000e+000 1.868839e-003
2.200000e+000 -1.822121e-002
2.240000e+000 -3.646335e-002
2.280000e+000 -5.155937e-002
2.320000e+000 -6.245097e-002
2.360000e+000 -6.840169e-002
2.400000e+000 -6.905277e-002
2.440000e+000 -6.444680e-002
2.480000e+000 -5.501652e-002
2.520000e+000 -4.154138e-002
2.560000e+000 -2.507802e-002
2.600000e+000 -6.873273e-003
2.640000e+000 1.173178e-002
2.680000e+000 2.939908e-002
2.720000e+000 4.488598e-002
2.760000e+000 5.712777e-002
2.800000e+000 6.530630e-002
2.840000e+000 6.890139e-002
2.880000e+000 6.772249e-002
2.920000e+000 6.191896e-002
2.960000e+000 5.196834e-002
3.000000e+000 3.864289e-002
3.040000e+000 2.295608e-002
3.080000e+000 6.091451e-003
3.120000e+000 -1.068223e-002
3.160000e+000 -2.610473e-002
3.200000e+000 -3.902054e-002
3.240000e+000 -4.847019e-002
3.280000e+000 -5.376782e-002
3.320000e+000 -5.455699e-002
3.360000e+000 -5.083788e-002
3.400000e+000 -4.296271e-002
3.440000e+000 -3.160045e-002
3.480000e+000 -1.767594e-002
3.520000e+000 -2.290837e-003
3.560000e+000 1.336506e-002
3.600000e+000 2.810452e-002
3.640000e+000 4.082909e-002
3.680000e+000 5.060578e-002
3.720000e+000 5.673009e-002
3.760000e+000 5.877244e-002
3.800000e+000 5.660585e-002
3.840000e+000 5.041352e-002
3.880000e+000 4.067593e-002
3.920000e+000 2.813804e-002
3.960000e+000 1.375803e-002
4.000000e+000 -1.359947e-003
4.040000e+000 -1.604557e-002
4.080000e+000 -2.915019e-002
4.120000e+000 -3.963688e-002
4.160000e+000 -4.666544e-002
4.200000e+000 -4.966441e-002
4.240000e+000 -4.838200e-002
4.280000e+000 -4.290942e-002
4.320000e+000 -3.367347e-002
4.360000e+000 -2.139941e-002
4.400000e+000 -7.048621e-003
4.440000e+000 8.261178e-003
4.480000e+000 2.334519e-002
4.520000e+000 3.704229e-002
4.560000e+000 4.830067e-002
4.600000e+000 5.625301e-002
4.640000e+000 6.027703e-002
4.680000e+000 6.003856e-002
4.720000e+000 5.551492e-002
4.760000e+000 4.699773e-002
4.800000e+000 3.507510e-002
4.840000e+000 2.059401e-002
4.880000e+000 4.604789e-003
4.920000e+000 -1.170987e-002
4.960000e+000 -2.711770e-002
5.000000e+000 -4.042711e-002
5.040000e+000 -5.057936e-002
5.080000e+000 -5.673541e-002
5.120000e+000 -5.834953e-002
5.160000e+000 -5.522117e-002
5.200000e+000 -4.751816e-002
5.240000e+000 -3.576761e-002
5.280000e+000 -2.081503e-002
5.320000e+000 -3.756763e-003
5.360000e+000 1.414685e-002
5.400000e+000 3.156856e-002
5.440000e+000 4.721323e-002
5.480000e+000 5.991158e-002
5.520000e+000 6.870265e-002
5.560000e+000 7.290038e-002
5.600000e+000 7.214093e-002
5.640000e+000 6.640845e-002
5.680000e+000 5.603821e-002
5.720000e+000 4.169709e-002
5.760000e+000 2.434264e-002
5.800000e+000 5.162839e-003
5.840000e+000 -1.450059e-002
5.880000e+000 -3.324140e-002
5.920000e+000 -4.968623e-002
5.960000e+000 -6.259479e-002
6.000000e+000 -7.095609e-002
6.040000e+000 -7.407267e-002
6.080000e+000 -7.162396e-002
6.120000e+000 -6.370071e-002
6.160000e+000 -5.080501e-002
6.200000e+000 -3.381490e-002
6.240000e+000 -1.391765e-002
6.280000e+000 7.480966e-003
6.320000e+000 2.886200e-002
6.360000e+000 4.870401e-002
6.400000e+000 6.559071e-002
6.440000e+000 7.830881e-002
6.480000e+000 8.593014e-002
6.520000e+000 8.787390e-002
6.560000e+000 8.394571e-002
6.600000e+000 7.435168e-002
6.640000e+000 5.968691e-002
6.680000e+000 4.089928e-002
6.720000e+000 1.923071e-002
6.760000e+000 -3.861139e-003
6.800000e+000 -2.679639e-002
6.840000e+000 -4.797726e-002
6.880000e+000 -6.589750e-002
6.920000e+000 -7.925079e-002
6.960000e+000 -8.703044e-002
7.000000e+000 -8.861179e-002
7.040000e+000 -8.380820e-002
7.080000e+000 -7.289307e-002
7.120000e+000 -5.658407e-002
7.160000e+000 -3.599082e-002
7.200000e+000 -1.253169e-002
7.240000e+000 1.217116e-002
7.280000e+000 3.640886e-002
7.320000e+000 5.850565e-002
7.360000e+000 7.693331e-002
7.400000e+000 9.041332e-002
7.440000e+000 9.800107e-002
7.480000e+000 9.914751e-002
7.520000e+000 9.373510e-002
7.560000e+000 8.208619e-002
7.600000e+000 6.494355e-002
7.640000e+000 4.342429e-002
7.680000e+000 1.894984e-002
7.720000e+000 -6.844149e-003
7.760000e+000 -3.221309e-002
7.800000e+000 -5.541850e-002
7.840000e+000 -7.484637e-002
7.880000e+000 -8.912189e-002
7.920000e+000 -9.721215e-002
7.960000e+000 -9.850790e-002
8.000000e+000 -9.287524e-002
8.040000e+000 -8.067060e-002
8.080000e+000 -6.271617e-002
8.120000e+000 -4.023868e-002
8.160000e+000 -1.477811e-002
8.200000e+000 1.192417e-002
8.240000e+000 3.804809e-002
8.280000e+000 6.181947e-002
8.320000e+000 8.162839e-002
8.360000e+000 9.613475e-002
8.400000e+000 1.043548e-001
8.440000e+000 1.057245e-001
8.480000e+000 1.001354e-001
8.520000e+000 8.794191e-002
8.560000e+000 6.993945e-002
8.600000e+000 4.731424e-002
8.640000e+000 2.156833e-002
8.680000e+000 -5.576389e-003
8.720000e+000 -3.228987e-002
8.760000e+000 -5.675507e-002
8.800000e+000 -7.729189e-002
8.840000e+000 -9.247590e-002
8.880000e+000 -1.012433e-001
8.920000e+000 -1.029723e-001
8.960000e+000 -9.753292e-002
9.000000e+000 -8.529790e-002
9.040000e+000 -6.711418e-002
9.080000e+000 -4.423799e-002
9.120000e+000 -1.824098e-002
9.160000e+000 9.103165e-003
9.200000e+000 3.594213e-002
9.240000e+000 6.046997e-002
9.280000e+000 8.104599e-002
9.320000e+000 9.630084e-002
9.360000e+000 1.052240e-001
9.400000e+000 1.072279e-001
9.440000e+000 1.021850e-001
9.480000e+000 9.043547e-002
9.520000e+000 7.276609e-002
9.560000e+000 5.035973e-002
9.600000e+000 2.471996e-002
9.640000e+000 -2.426119e-003
9.680000e+000 -2.924106e-002
9.720000e+000 -5.390005e-002
9.760000e+000 -7.471647e-002
9.800000e+000 -9.026169e-002
9.840000e+000 -9.946990e-002
9.880000e+000 -1.017182e-001
9.920000e+000 -9.687343e-002
9.960000e+000 -8.530031e-002
1.000000e+001 -6.783009e-002
1.004000e+001 -4.569420e-002
1.008000e+001 -2.043073e-002
1.012000e+001 6.227001e-003
1.016000e+001 3.247076e-002
1.020000e+001 5.653859e-002
1.024000e+001 7.682984e-002
1.028000e+001 9.200774e-002
1.032000e+001 1.010840e-001
1.036000e+001 1.034809e-001
1.040000e+001 9.906698e-002
1.044000e+001 8.816518e-002
1.048000e+001 7.153129e-002
1.052000e+001 5.030541e-002
1.056000e+001 2.593796e-002
1.060000e+001 9.460935e-005
1.064000e+001 -2.545476e-002
1.068000e+001 -4.895671e-002
1.072000e+001 -6.879711e-002
1.076000e+001 -8.361763e-002
1.080000e+001 -9.241628e-002
1.084000e+001 -9.462206e-002
1.088000e+001 -9.013592e-002
1.092000e+001 -7.933308e-002
1.096000e+001 -6.302761e-002
1.100000e+001 -4.240433e-002
1.104000e+001 -1.892645e-002
1.108000e+001 5.771900e-003
1.112000e+001 2.999974e-002
1.116000e+001 5.212256e-002
1.120000e+001 7.066863e-002
1.124000e+001 8.442276e-002
1.128000e+001 9.250253e-002
1.132000e+001 9.441302e-002
1.136000e+001 9.007695e-002
1.140000e+001 7.983826e-002
1.144000e+001 6.443899e-002
1.148000e+001 4.497025e-002
1.152000e+001 2.279995e-002
1.156000e+001 -5.190125e-004
1.160000e+001 -2.335512e-002
1.164000e+001 -4.411277e-002
1.168000e+001 -6.134761e-002
1.172000e+001 -7.387376e-002
1.176000e+001 -8.085329e-002
1.180000e+001 -8.185874e-002
1.184000e+001 -7.690150e-002
1.188000e+001 -6.642331e-002
1.192000e+001 -5.125291e-002
1.196000e+001 -3.253438e-002
1.200000e+001 -1.163571e-002
1.204000e+001 9.953434e-003
1.208000e+001 3.072685e-002
1.212000e+001 4.926347e-002
1.216000e+001 6.431997e-002
1.220000e+001 7.490981e-002
1.224000e+001 8.036474e-002
1.228000e+001 8.037557e-002
1.232000e+001 7.500999e-002
1.236000e+001 6.470632e-002
1.240000e+001 5.024320e-002
1.244000e+001 3.268673e-002
1.248000e+001 1.331752e-002
1.252000e+001 -6.458491e-003
1.256000e+001 -2.521037e-002
1.260000e+001 -4.158733e-002
1.264000e+001 -5.442102e-002
1.268000e+001 -6.281604e-002
1.272000e+001 -6.621960e-002
1.276000e+001 -6.446249e-002
1.280000e+001 -5.776661e-002
1.284000e+001 -4.671886e-002
1.288000e+001 -3.221564e-002
1.292000e+001 -1.538537e-002
1.296000e+001 2.502155e-003
1.300000e+001 2.013163e-002
1.304000e+001 3.623613e-002
1.308000e+001 4.968363e-002
1.312000e+001 5.955164e-002
1.316000e+001 6.518623e-002
1.320000e+001 6.624289e-002
1.324000e+001 6.270697e-002
1.328000e+001 5.489266e-002
1.332000e+001 4.342045e-002
1.336000e+001 2.917405e-002
1.340000e+001 1.323862e-002
1.344000e+001 -3.176387e-003
1.348000e+001 -1.882562e-002
1.352000e+001 -3.252195e-002
1.356000e+001 -4.322940e-002
1.360000e+001 -5.014693e-002
1.364000e+001 -5.277456e-002
1.368000e+001 -5.095414e-002
1.372000e+001 -4.487994e-002
1.376000e+001 -3.507773e-002
1.380000e+001 -2.235569e-002
1.384000e+001 -7.733583e-003
1.388000e+001 7.641784e-003
1.392000e+001 2.258657e-002
1.396000e+001 3.596834e-002
1.400000e+001 4.678710e-002
1.404000e+001 5.424444e-002
1.408000e+001 5.779727e-002
1.412000e+001 5.719370e-002
1.416000e+001 5.248931e-002
1.420000e+001 4.404313e-002
1.424000e+001 3.249341e-002
1.428000e+001 1.871438e-002
1.432000e+001 3.755885e-003
1.436000e+001 -1.123104e-002
1.440000e+001 -2.507882e-002
1.444000e+001 -3.669289e-002
1.448000e+001 -4.513983e-002
1.452000e+001 -4.972622e-002
1.456000e+001 -5.006016e-002
1.460000e+001 -4.608779e-002
1.464000e+001 -3.810009e-002
1.468000e+001 -2.670867e-002
1.472000e+001 -1.279375e-002
1.476000e+001 2.569374e-003
1.480000e+001 1.819718e-002
1.484000e+001 3.288992e-002
1.488000e+001 4.552146e-002
1.492000e+001 5.512076e-002
1.496000e+001 6.094044e-002
1.500000e+001 6.250873e-002
1.504000e+001 5.966236e-002
1.508000e+001 5.255888e-002
1.512000e+001 4.166800e-002
1.516000e+001 2.774235e-002
1.520000e+001 1.176922e-002
1.524000e+001 -5.094507e-003
1.528000e+001 -2.160113e-002
1.532000e+001 -3.650059e-002
1.536000e+001 -4.863371e-002
1.540000e+001 -5.702387e-002
1.544000e+001 -6.095939e-002
1.548000e+001 -6.005829e-002
1.552000e+001 -5.430725e-002
1.556000e+001 -4.406910e-002
1.560000e+001 -3.005730e-002
1.564000e+001 -1.327995e-002
1.568000e+001 5.039853e-003
1.572000e+001 2.355892e-002
1.576000e+001 4.091514e-002
1.580000e+001 5.582695e-002
1.584000e+001 6.718438e-002
1.588000e+001 7.412611e-002
1.592000e+001 7.609870e-002
1.596000e+001 7.289468e-002
1.600000e+001 6.466809e-002
1.604000e+001 5.192661e-002
1.608000e+001 3.550103e-002
1.612000e+001 1.649379e-002
1.616000e+001 -3.790910e-003
1.620000e+001 -2.393181e-002
1.624000e+001 -4.248612e-002
1.628000e+001 -5.809075e-002
1.632000e+001 -6.956348e-002
1.636000e+001 -7.599651e-002
1.640000e+001 -7.683406e-002
1.644000e+001 -7.192497e-002
1.648000e+001 -6.154313e-002
1.652000e+001 -4.637194e-002
1.656000e+001 -2.745400e-002
1.660000e+001 -6.111807e-003
1.664000e+001 1.615209e-002
1.668000e+001 3.776570e-002
1.672000e+001 5.720004e-002
1.676000e+001 7.307559e-002
1.680000e+001 8.425620e-002
1.684000e+001 8.992521e-002
1.688000e+001 8.963986e-002
1.692000e+001 8.336111e-002
1.696000e+001 7.145766e-002
1.700000e+001 5.468401e-002
1.704000e+001 3.413402e-002
1.708000e+001 1.117266e-002
1.712000e+001 -1.265054e-002
1.716000e+001 -3.570173e-002
1.720000e+001 -5.637170e-002
1.724000e+001 -7.318750e-002
1.728000e+001 -8.492004e-002
1.732000e+001 -9.067950e-002
1.736000e+001 -8.998958e-002
1.740000e+001 -8.283176e-002
1.744000e+001 -6.965322e-002
1.748000e+001 -5.133655e-002
1.752000e+001 -2.913415e-002
1.756000e+001 -4.574868e-003
1.760000e+001 2.064777e-002
1.764000e+001 4.479595e-002
1.768000e+001 6.620763e-002
1.772000e+001 8.340862e-002
1.776000e+001 9.521013e-002
1.780000e+001 1.007865e-001
1.784000e+001 9.972863e-002
1.788000e+001 9.207122e-002
1.792000e+001 7.829091e-002
1.796000e+001 5.927724e-002
1.800000e+001 3.627698e-002
1.804000e+001 1.081566e-002
1.808000e+001 -1.539969e-002
1.812000e+001 -4.059132e-002
1.816000e+001 -6.302911e-002
1.820000e+001 -8.114980e-002
1.824000e+001 -9.366961e-002
1.828000e+001 -9.968149e-002
1.832000e+001 -9.872773e-002
1.836000e+001 -9.083959e-002
1.840000e+001 -7.653839e-002
1.844000e+001 -5.679741e-002
1.848000e+001 -3.296892e-002
1.852000e+001 -6.684269e-003
1.856000e+001 2.026307e-002
1.860000e+001 4.604227e-002
1.864000e+001 6.890892e-002
1.868000e+001 8.732031e-002
1.872000e+001 1.000357e-001
1.876000e+001 1.061961e-001
1.880000e+001 1.053793e-001
1.884000e+001 9.762665e-002
1.888000e+001 8.344081e-002
1.892000e+001 6.375429e-002
1.896000e+001 3.987054e-002
1.900000e+001 1.338105e-002
1.904000e+001 -1.393690e-002
1.908000e+001 -4.023640e-002
1.912000e+001 -6.372450e-002
1.916000e+001 -8.278589e-002
1.920000e+001 -9.609858e-002
1.924000e+001 -1.027323e-001
1.928000e+001 -1.022203e-001
1.932000e+001 -9.459623e-002
1.936000e+001 -8.039182e-002
1.940000e+001 -6.059518e-002
1.944000e+001 -3.657526e-002
1.948000e+001 -9.980499e-003
1.952000e+001 1.737857e-002
1.956000e+001 4.365381e-002
1.960000e+001 6.708284e-002
1.964000e+001 8.610407e-002
1.968000e+001 9.945700e-002
1.972000e+001 1.062624e-001
1.976000e+001 1.060779e-001
1.980000e+001 9.892556e-002
1.984000e+001 8.529053e-002
1.988000e+001 6.608995e-002
1.992000e+001 4.261446e-002
1.996000e+001 1.644526e-002
2.000000e+001 -1.064870e-002
2.004000e+001 -3.682767e-002
2.008000e+001 -6.030569e-002
2.012000e+001 -7.947499e-002
2.016000e+001 -9.302165e-002
2.020000e+001 -1.000229e-001
2.024000e+001 -1.000165e-001
2.028000e+001 -9.303455e-002
2.032000e+001 -7.959752e-002
2.036000e+001 -6.067059e-002
2.040000e+001 -3.758715e-002
2.044000e+001 -1.194884e-002
2.048000e+001 1.448904e-002
2.052000e+001 3.993779e-002
2.056000e+001 6.269405e-002
2.060000e+001 8.125005e-002
2.064000e+001 9.438968e-002
2.068000e+001 1.012651e-001
2.072000e+001 1.014495e-001
2.076000e+001 9.496382e-002
2.080000e+001 8.227416e-002
2.084000e+001 6.426177e-002
2.088000e+001 4.216582e-002
2.092000e+001 1.750253e-002
2.096000e+001 -8.035070e-003
2.100000e+001 -3.269128e-002
2.104000e+001 -5.476903e-002
2.108000e+001 -7.275054e-002
2.112000e+001 -8.540831e-002
2.116000e+001 -9.189663e-002
2.120000e+001 -9.181420e-002
2.124000e+001 -8.523090e-002
2.128000e+001 -7.267601e-002
2.132000e+001 -5.509026e-002
2.136000e+001 -3.374859e-002
2.140000e+001 -1.016226e-002
2.144000e+001 1.403046e-002
2.148000e+001 3.717723e-002
2.152000e+001 5.772116e-002
2.156000e+001 7.430133e-002
2.160000e+001 8.583886e-002
2.164000e+001 9.160427e-002
2.168000e+001 9.126230e-002
2.172000e+001 8.489188e-002
2.176000e+001 7.297960e-002
2.180000e+001 5.638726e-002
2.184000e+001 3.629459e-002
2.188000e+001 1.412046e-002
2.192000e+001 -8.573578e-003
2.196000e+001 -3.019176e-002
2.200000e+001 -4.921808e-002
2.204000e+001 -6.432775e-002
2.208000e+001 -7.448688e-002
2.212000e+001 -7.903087e-002
2.216000e+001 -7.771291e-002
2.220000e+001 -7.071719e-002
2.224000e+001 -5.863578e-002
2.228000e+001 -4.241360e-002
2.232000e+001 -2.326857e-002
2.236000e+001 -2.596309e-003
2.240000e+001 1.813248e-002
2.244000e+001 3.747437e-002
2.248000e+001 5.410961e-002
2.252000e+001 6.692747e-002
2.256000e+001 7.509635e-002
2.260000e+001 7.811528e-002
2.264000e+001 7.584392e-002
2.268000e+001 6.850959e-002
2.272000e+001 5.669056e-002
2.276000e+001 4.127636e-002
2.280000e+001 2.340690e-002
2.284000e+001 4.393524e-003
2.288000e+001 -1.437385e-002
2.292000e+001 -3.152788e-002
2.296000e+001 -4.582639e-002
2.300000e+001 -5.624833e-002
2.304000e+001 -6.207398e-002
2.308000e+001 -6.294086e-002
2.312000e+001 -5.886883e-002
2.316000e+001 -5.025157e-002
2.320000e+001 -3.781651e-002
2.324000e+001 -2.255890e-002
2.328000e+001 -5.658274e-003
2.332000e+001 1.161423e-002
2.336000e+001 2.799000e-002
2.340000e+001 4.229229e-002
2.344000e+001 5.351580e-002
2.348000e+001 6.089249e-002
2.352000e+001 6.394057e-002
2.356000e+001 6.249420e-002
2.360000e+001 5.671260e-002
2.364000e+001 4.706779e-002
2.368000e+001 3.431161e-002
2.372000e+001 1.942345e-002
2.376000e+001 3.541134e-003
2.380000e+001 -1.212135e-002
2.384000e+001 -2.636444e-002
2.388000e+001 -3.809596e-002
2.392000e+001 -4.641882e-002
2.396000e+001 -5.070537e-002
2.400000e+001 -5.065015e-002
2.404000e+001 -4.629462e-002
2.408000e+001 -3.802081e-002
2.412000e+001 -2.651503e-002
2.416000e+001 -1.270650e-002
2.420000e+001 2.311421e-003
2.424000e+001 1.736934e-002
2.428000e+001 3.131147e-002
2.432000e+001 4.308040e-002
2.436000e+001 5.179184e-002
2.440000e+001 5.679531e-002
2.444000e+001 5.771801e-002
2.448000e+001 5.448955e-002
2.452000e+001 4.734677e-002
2.456000e+001 3.681806e-002
2.460000e+001 2.368819e-002
2.464000e+001 8.945171e-003
2.468000e+001 -6.288461e-003
2.472000e+001 -2.083626e-002
2.476000e+001 -3.355601e-002
2.480000e+001 -4.342952e-002
2.484000e+001 -4.964693e-002
2.488000e+001 -5.167745e-002
2.492000e+001 -4.931841e-002
2.496000e+001 -4.271626e-002
2.500000e+001 -3.235643e-002
2.504000e+001 -1.902305e-002
2.508000e+001 -3.733627e-003
2.512000e+001 1.234373e-002
2.516000e+001 2.798225e-002
2.520000e+001 4.198948e-002
2.524000e+001 5.329474e-002
2.528000e+001 6.102534e-002
2.532000e+001 6.456761e-002
2.536000e+001 6.360958e-002
2.540000e+001 5.816328e-002
2.544000e+001 4.856581e-002
2.548000e+001 3.545918e-002
2.552000e+001 1.975009e-002
2.556000e+001 2.551436e-003
2.560000e+001 -1.489144e-002
2.564000e+001 -3.128642e-002
2.568000e+001 -4.538754e-002
2.572000e+001 -5.608976e-002
2.576000e+001 -6.251844e-002
2.580000e+001 -6.410539e-002
2.584000e+001 -6.064292e-002
2.588000e+001 -5.230856e-002
2.592000e+001 -3.965645e-002
2.596000e+001 -2.357578e-002
2.600000e+001 -5.221163e-003
2.604000e+001 1.407725e-002
2.608000e+001 3.291485e-002
2.612000e+001 4.991613e-002
2.616000e+001 6.383317e-002
2.620000e+001 7.363276e-002
2.624000e+001 7.856731e-002
2.628000e+001 7.822589e-002
2.632000e+001 7.256277e-002
2.636000e+001 6.190239e-002
2.640000e+001 4.692058e-002
2.644000e+001 2.860325e-002
2.648000e+001 8.184851e-003
2.652000e+001 -1.293040e-002
2.656000e+001 -3.326046e-002
2.660000e+001 -5.134620e-002
2.664000e+001 -6.585521e-002
2.668000e+001 -7.568250e-002
2.672000e+001 -8.003973e-002
2.676000e+001 -7.852449e-002
2.680000e+001 -7.116070e-002
2.684000e+001 -5.840436e-002
2.688000e+001 -4.111260e-002
2.692000e+001 -2.047950e-002
2.696000e+001 2.054305e-003
2.700000e+001 2.490875e-002
2.704000e+001 4.647866e-002
2.708000e+001 6.524665e-002
2.712000e+001 7.988716e-002
2.716000e+001 8.935561e-002
2.720000e+001 9.295780e-002
2.724000e+001 9.039586e-002
2.728000e+001 8.178867e-002
2.732000e+001 6.766563e-002
2.736000e+001 4.893444e-002
2.740000e+001 2.682484e-002
2.744000e+001 2.811358e-003
2.748000e+001 -2.148078e-002
2.752000e+001 -4.438169e-002
2.756000e+001 -6.428935e-002
2.760000e+001 -7.978228e-002
2.764000e+001 -8.972495e-002
2.768000e+001 -9.335741e-002
2.772000e+001 -9.035993e-002
2.776000e+001 -8.088456e-002
2.780000e+001 -6.554868e-002
2.784000e+001 -4.539058e-002
2.788000e+001 -2.179195e-002
2.792000e+001 3.624304e-003
2.796000e+001 2.911110e-002
2.800000e+001 5.291953e-002
2.804000e+001 7.341806e-002
2.808000e+001 8.920138e-002
2.812000e+001 9.918249e-002
2.816000e+001 1.026634e-001
2.820000e+001 9.938008e-002
2.824000e+001 8.952028e-002
2.828000e+001 7.371195e-002
2.832000e+001 5.298443e-002
2.836000e+001 2.870382e-002
2.840000e+001 2.486486e-003
2.844000e+001 -2.390462e-002
2.848000e+001 -4.867532e-002
2.852000e+001 -7.012092e-002
2.856000e+001 -8.674520e-002
2.860000e+001 -9.736964e-002
2.864000e+001 -1.012238e-001
2.868000e+001 -9.800756e-002
2.872000e+001 -8.791811e-002
2.876000e+001 -7.163689e-002
2.880000e+001 -5.027861e-002
2.884000e+001 -2.530777e-002
2.888000e+001 1.568453e-003
2.892000e+001 2.852109e-002
2.896000e+001 5.372497e-002
2.900000e+001 7.548076e-002
2.904000e+001 9.232624e-002
2.908000e+001 1.031308e-001
2.912000e+001 1.071676e-001
2.916000e+001 1.041602e-001
2.920000e+001 9.429989e-002
2.924000e+001 7.823385e-002
2.928000e+001 5.702448e-002
2.932000e+001 3.208196e-002
2.936000e+001 5.074195e-003
2.940000e+001 -2.218112e-002
2.944000e+001 -4.783634e-002
2.948000e+001 -7.013882e-002
2.952000e+001 -8.755336e-002
2.956000e+001 -9.887350e-002
2.960000e+001 -1.033121e-001
2.964000e+001 -1.005624e-001
2.968000e+001 -9.082140e-002
2.972000e+001 -7.477431e-002
2.976000e+001 -5.354038e-002
2.980000e+001 -2.858785e-002
2.984000e+001 -1.626547e-003
2.988000e+001 2.551242e-002
2.992000e+001 5.100107e-002
2.996000e+001 7.313536e-002
3.000000e+001 9.044556e-002
3.004000e+001 1.017901e-001
3.008000e+001 1.064280e-001
3.012000e+001 1.040651e-001
3.016000e+001 9.487286e-002
3.020000e+001 7.947686e-002
3.024000e+001 5.891692e-002
3.028000e+001 3.458047e-002
3.032000e+001 8.112848e-003
3.036000e+001 -1.869051e-002
3.040000e+001 -4.400397e-002
3.044000e+001 -6.609682e-002
3.048000e+001 -8.345543e-002
3.052000e+001 -9.489349e-002
3.056000e+001 -9.964036e-002
3.060000e+001 -9.739868e-002
3.064000e+001 -8.836439e-002
3.068000e+001 -7.320732e-002
3.072000e+001 -5.301541e-002
3.076000e+001 -2.920969e-002
3.080000e+001 -3.439042e-003
3.084000e+001 2.253615e-002
3.088000e+001 4.696327e-002
3.092000e+001 6.821262e-002
3.096000e+001 8.488222e-002
3.100000e+001 9.588656e-002
3.104000e+001 1.005247e-001
3.108000e+001 9.852360e-002
3.112000e+001 9.005488e-002
3.116000e+001 7.572276e-002
3.120000e+001 5.652489e-002
3.124000e+001 3.378724e-002
3.128000e+001 9.076980e-003
3.132000e+001 -1.590226e-002
3.136000e+001 -3.942663e-002
3.140000e+001 -5.987296e-002
3.144000e+001 -7.583582e-002
3.148000e+001 -8.623156e-002
3.152000e+001 -9.037938e-002
3.156000e+001 -8.805071e-002
3.160000e+001 -7.948147e-002
3.164000e+001 -6.534638e-002
3.168000e+001 -4.669972e-002
3.172000e+001 -2.489019e-002
3.176000e+001 -1.459092e-003
3.180000e+001 2.196957e-002
3.184000e+001 4.379967e-002
3.188000e+001 6.256775e-002
3.192000e+001 7.703677e-002
3.196000e+001 8.627392e-002
3.200000e+001 8.970841e-002
3.204000e+001 8.716621e-002
3.208000e+001 7.887955e-002
3.212000e+001 6.547059e-002
3.216000e+001 4.790978e-002
3.220000e+001 2.745102e-002
3.224000e+001 5.546946e-003
3.228000e+001 -1.625116e-002
3.232000e+001 -3.640292e-002
3.236000e+001 -5.349087e-002
3.240000e+001 -6.632640e-002
3.244000e+001 -7.404024e-002
3.248000e+001 -7.614821e-002
3.252000e+001 -7.258479e-002
3.256000e+001 -6.370090e-002
3.260000e+001 -5.022719e-002
3.264000e+001 -3.320839e-002
3.268000e+001 -1.391728e-002
3.272000e+001 6.243133e-003
3.276000e+001 2.584102e-002
3.280000e+001 4.351415e-002
3.284000e+001 5.806003e-002
3.288000e+001 6.851303e-002
3.292000e+001 7.420504e-002
3.296000e+001 7.480633e-002
3.300000e+001 7.034468e-002
3.304000e+001 6.120152e-002
3.308000e+001 4.808504e-002
3.312000e+001 3.198155e-002
3.316000e+001 1.408731e-002
3.320000e+001 -4.275551e-003
3.324000e+001 -2.175442e-002
3.328000e+001 -3.706675e-002
3.332000e+001 -4.909842e-002
3.336000e+001 -5.699143e-002
3.340000e+001 -6.021201e-002
3.344000e+001 -5.859146e-002
3.348000e+001 -5.233480e-002
3.352000e+001 -4.199684e-002
3.356000e+001 -2.842940e-002
3.360000e+001 -1.270681e-002
3.364000e+001 3.961932e-003
3.368000e+001 2.032602e-002
3.372000e+001 3.518393e-002
3.376000e+001 4.746702e-002
3.380000e+001 5.631121e-002
3.384000e+001 6.111326e-002
3.388000e+001 6.156910e-002
3.392000e+001 5.769217e-002
3.396000e+001 4.981106e-002
3.400000e+001 3.854626e-002
3.404000e+001 2.476717e-002
3.408000e+001 9.531287e-003
3.412000e+001 -5.991379e-003
3.416000e+001 -2.060447e-002
3.420000e+001 -3.317671e-002
3.424000e+001 -4.273183e-002
3.428000e+001 -4.852920e-002
3.432000e+001 -5.012667e-002
3.436000e+001 -4.741850e-002
3.440000e+001 -4.064323e-002
3.444000e+001 -3.036088e-002
3.448000e+001 -1.740237e-002
3.452000e+001 -2.797929e-003
3.456000e+001 1.230776e-002
3.460000e+001 2.674532e-002
3.464000e+001 3.940840e-002
3.468000e+001 4.933356e-002
3.472000e+001 5.576761e-002
3.476000e+001 5.821923e-002
3.480000e+001 5.649225e-002
3.484000e+001 5.069909e-002
3.488000e+001 4.125387e-002
3.492000e+001 2.884547e-002
3.496000e+001 1.439175e-002
3.500000e+001 -1.022864e-003
3.504000e+001 -1.622344e-002
3.508000e+001 -3.003029e-002
3.512000e+001 -4.134918e-002
3.516000e+001 -4.925964e-002
3.520000e+001 -5.309353e-002
3.524000e+001 -5.249563e-002
3.528000e+001 -4.745868e-002
3.532000e+001 -3.832801e-002
3.536000e+001 -2.577462e-002
3.540000e+001 -1.074004e-002
3.544000e+001 5.640421e-003
3.548000e+001 2.212783e-002
3.552000e+001 3.747462e-002
3.556000e+001 5.051709e-002
3.560000e+001 6.025906e-002
3.564000e+001 6.594191e-002
3.568000e+001 6.709728e-002
3.572000e+001 6.357988e-002
3.576000e+001 5.557895e-002
3.580000e+001 4.360798e-002
3.584000e+001 2.847326e-002
3.588000e+001 1.122303e-002
3.592000e+001 -6.920475e-003
3.596000e+001 -2.464271e-002
3.600000e+001 -4.062828e-002
3.604000e+001 -5.365708e-002
3.608000e+001 -6.269904e-002
3.612000e+001 -6.699961e-002
3.616000e+001 -6.614764e-002
3.620000e+001 -6.011705e-002
3.624000e+001 -4.927644e-002
3.628000e+001 -3.436426e-002
3.632000e+001 -1.643228e-002
3.636000e+001 3.236141e-003
3.640000e+001 2.322424e-002
3.644000e+001 4.208734e-002
3.648000e+001 5.845724e-002
3.652000e+001 7.113838e-002
3.656000e+001 7.919015e-002
3.660000e+001 8.199078e-002
3.664000e+001 7.927963e-002
3.668000e+001 7.117587e-002
3.672000e+001 5.817273e-002
3.676000e+001 4.110794e-002
3.680000e+001 2.111200e-002
3.684000e+001 -4.628621e-004
3.688000e+001 -2.212961e-002
3.692000e+001 -4.236463e-002
3.696000e+001 -5.971253e-002
3.700000e+001 -7.289133e-002
3.704000e+001 -8.089101e-002
3.708000e+001 -8.305696e-002
3.712000e+001 -7.914917e-002
3.716000e+001 -6.936945e-002
3.720000e+001 -5.435205e-002
3.724000e+001 -3.511796e-002
3.728000e+001 -1.299800e-002
3.732000e+001 1.046688e-002
3.736000e+001 3.363844e-002
3.740000e+001 5.489764e-002
3.744000e+001 7.275679e-002
3.748000e+001 8.596018e-002
3.752000e+001 9.356763e-002
3.756000e+001 9.501652e-002
3.760000e+001 9.015900e-002
3.764000e+001 7.927257e-002
3.768000e+001 6.304374e-002
