0.000000e+000 -8.034429e+000
4.000000e-002 -8.050582e+000
8.000000e-002 -8.096492e+000
1.200000e-001 -8.162552e+000
1.600000e-001 -8.234821e+000
2.000000e-001 -8.298461e+000
2.400000e-001 -8.341370e+000
2.800000e-001 -8.357054e+000
3.200000e-001 -8.346009e+000
3.600000e-001 -8.315242e+000
4.000000e-001 -8.276073e+000
4.400000e-001 -8.240817e+000
4.800000e-001 -8.219284e+000
5.200000e-001 -8.216080e+000
5.600000e-001 -8.229478e+000
6.000000e-001 -8.252152e+000
6.400000e-001 -8.273509e+000
6.800000e-001 -8.282920e+000
7.200000e-001 -8.272917e+000
7.600000e-001 -8.241471e+000
8.000000e-001 -8.192766e+000
8.400000e-001 -8.136291e+000
8.800000e-001 -8.084501e+000
9.200000e-001 -8.049688e+000
9.600000e-001 -8.040863e+000
1.000000e+000 -8.061446e+000
1.040000e+000 -8.108362e+000
1.080000e+000 -8.172756e+000
1.120000e+000 -8.242147e+000
1.160000e+000 -8.303450e+000
1.200000e+000 -8.346105e+000
1.240000e+000 -8.364488e+000
1.280000e+000 -8.358982e+000
1.320000e+000 -8.335443e+000
1.360000e+000 -8.303229e+000
1.400000e+000 -8.272353e+000
1.440000e+000 -8.250605e+000
1.480000e+000 -8.241452e+000
1.520000e+000 -8.243323e+000
1.560000e+000 -8.250441e+000
1.600000e+000 -8.254874e+000
1.640000e+000 -8.249182e+000
1.680000e+000 -8.228861e+000
1.720000e+000 -8.193896e+000
1.760000e+000 -8.149044e+000
1.800000e+000 -8.102773e+000
1.840000e+000 -8.065175e+000
1.880000e+000 -8.045415e+000
1.920000e+000 -8.049382e+000
1.960000e+000 -8.078141e+000
2.000000e+000 -8.127591e+000
2.040000e+000 -8.189401e+000
2.080000e+000 -8.252977e+000
2.120000e+000 -8.307946e+000
2.160000e+000 -8.346508e+000
2.200000e+000 -8.365048e+000
2.240000e+000 -8.364591e+000
2.280000e+000 -8.350008e+000
2.320000e+000 -8.328237e+000
2.360000e+000 -8.306054e+000
2.400000e+000 -8.288085e+000
2.440000e+000 -8.275637e+000
2.480000e+000 -8.266669e+000
2.520000e+000 -8.256865e+000
2.560000e+000 -8.241404e+000
2.600000e+000 -8.216869e+000
2.640000e+000 -8.182695e+000
2.680000e+000 -8.141751e+000
2.720000e+000 -8.099898e+000
2.760000e+000 -8.064668e+000
2.800000e+000 -8.043427e+000
2.840000e+000 -8.041516e+000
2.880000e+000 -8.060862e+000
2.920000e+000 -8.099424e+000
2.960000e+000 -8.151605e+000
3.000000e+000 -8.209522e+000
3.040000e+000 -8.264794e+000
3.080000e+000 -8.310377e+000
3.120000e+000 -8.341964e+000
3.160000e+000 -8.358582e+000
3.200000e+000 -8.362264e+000
3.240000e+000 -8.356920e+000
3.280000e+000 -8.346788e+000
3.320000e+000 -8.334962e+000
3.360000e+000 -8.322474e+000
3.400000e+000 -8.308198e+000
3.440000e+000 -8.289583e+000
3.480000e+000 -8.263936e+000
3.520000e+000 -8.229800e+000
3.560000e+000 -8.187988e+000
3.600000e+000 -8.141925e+000
3.640000e+000 -8.097192e+000
3.680000e+000 -8.060394e+000
3.720000e+000 -8.037666e+000
3.760000e+000 -8.033204e+000
3.800000e+000 -8.048241e+000
3.840000e+000 -8.080720e+000
3.880000e+000 -8.125750e+000
3.920000e+000 -8.176739e+000
3.960000e+000 -8.226877e+000
4.000000e+000 -8.270595e+000
4.040000e+000 -8.304587e+000
4.080000e+000 -8.328150e+000
4.120000e+000 -8.342746e+000
4.160000e+000 -8.350959e+000
4.200000e+000 -8.355210e+000
4.240000e+000 -8.356637e+000
4.280000e+000 -8.354564e+000
4.320000e+000 -8.346719e+000
4.360000e+000 -8.330149e+000
4.400000e+000 -8.302515e+000
4.440000e+000 -8.263331e+000
4.480000e+000 -8.214730e+000
4.520000e+000 -8.161489e+000
4.560000e+000 -8.110274e+000
4.600000e+000 -8.068289e+000
4.640000e+000 -8.041697e+000
4.680000e+000 -8.034219e+000
4.720000e+000 -8.046299e+000
4.760000e+000 -8.075047e+000
4.800000e+000 -8.114990e+000
4.840000e+000 -8.159422e+000
4.880000e+000 -8.202010e+000
4.920000e+000 -8.238204e+000
4.960000e+000 -8.266090e+000
5.000000e+000 -8.286422e+000
5.040000e+000 -8.301848e+000
5.080000e+000 -8.315551e+000
5.120000e+000 -8.329748e+000
5.160000e+000 -8.344531e+000
5.200000e+000 -8.357479e+000
5.240000e+000 -8.364199e+000
5.280000e+000 -8.359661e+000
5.320000e+000 -8.339931e+000
5.360000e+000 -8.303735e+000
5.400000e+000 -8.253378e+000
5.440000e+000 -8.194691e+000
5.480000e+000 -8.135990e+000
5.520000e+000 -8.086310e+000
5.560000e+000 -8.053362e+000
5.600000e+000 -8.041764e+000
5.640000e+000 -8.051996e+000
5.680000e+000 -8.080371e+000
5.720000e+000 -8.120032e+000
5.760000e+000 -8.162718e+000
5.800000e+000 -8.200847e+000
5.840000e+000 -8.229356e+000
5.880000e+000 -8.246814e+000
5.920000e+000 -8.255478e+000
5.960000e+000 -8.260257e+000
6.000000e+000 -8.266875e+000
6.040000e+000 -8.279735e+000
6.080000e+000 -8.300156e+000
6.120000e+000 -8.325552e+000
6.160000e+000 -8.349869e+000
6.200000e+000 -8.365197e+000
6.240000e+000 -8.364112e+000
6.280000e+000 -8.342046e+000
6.320000e+000 -8.298977e+000
6.360000e+000 -8.239932e+000
6.400000e+000 -8.174128e+000
6.440000e+000 -8.112954e+000
6.480000e+000 -8.067327e+000
6.520000e+000 -8.045090e+000
6.560000e+000 -8.049150e+000
6.600000e+000 -8.076827e+000
6.640000e+000 -8.120593e+000
6.680000e+000 -8.170020e+000
6.720000e+000 -8.214444e+000
6.760000e+000 -8.245652e+000
6.800000e+000 -8.259890e+000
6.840000e+000 -8.258653e+000
6.880000e+000 -8.248021e+000
6.920000e+000 -8.236683e+000
6.960000e+000 -8.233179e+000
7.000000e+000 -8.243125e+000
7.040000e+000 -8.267246e+000
7.080000e+000 -8.300839e+000
7.120000e+000 -8.334878e+000
7.160000e+000 -8.358491e+000
7.200000e+000 -8.362096e+000
7.240000e+000 -8.340301e+000
7.280000e+000 -8.293736e+000
7.320000e+000 -8.229289e+000
7.360000e+000 -8.158677e+000
7.400000e+000 -8.095701e+000
7.440000e+000 -8.052917e+000
7.480000e+000 -8.038566e+000
7.520000e+000 -8.054561e+000
7.560000e+000 -8.096055e+000
7.600000e+000 -8.152695e+000
7.640000e+000 -8.211258e+000
7.680000e+000 -8.258995e+000
7.720000e+000 -8.286822e+000
7.760000e+000 -8.291539e+000
7.800000e+000 -8.276468e+000
7.840000e+000 -8.250340e+000
7.880000e+000 -8.224679e+000
7.920000e+000 -8.210384e+000
7.960000e+000 -8.214454e+000
8.000000e+000 -8.237788e+000
8.040000e+000 -8.274737e+000
8.080000e+000 -8.314571e+000
8.120000e+000 -8.344462e+000
8.160000e+000 -8.353137e+000
8.200000e+000 -8.334176e+000
8.240000e+000 -8.288039e+000
8.280000e+000 -8.222265e+000
8.320000e+000 -8.149795e+000
8.360000e+000 -8.085859e+000
8.400000e+000 -8.044229e+000
8.440000e+000 -8.033798e+000
8.480000e+000 -8.056379e+000
8.520000e+000 -8.106264e+000
8.560000e+000 -8.171672e+000
8.600000e+000 -8.237720e+000
8.640000e+000 -8.290151e+000
8.680000e+000 -8.318882e+000
8.720000e+000 -8.320434e+000
8.760000e+000 -8.298624e+000
8.800000e+000 -8.263307e+000
8.840000e+000 -8.227490e+000
8.880000e+000 -8.203585e+000
8.920000e+000 -8.199832e+000
8.960000e+000 -8.217893e+000
9.000000e+000 -8.252343e+000
9.040000e+000 -8.292190e+000
9.080000e+000 -8.323996e+000
9.120000e+000 -8.335714e+000
9.160000e+000 -8.320171e+000
9.200000e+000 -8.277235e+000
9.240000e+000 -8.214112e+000
9.280000e+000 -8.143698e+000
9.320000e+000 -8.081422e+000
9.360000e+000 -8.041414e+000
9.400000e+000 -8.032961e+000
9.440000e+000 -8.058182e+000
9.480000e+000 -8.111483e+000
9.520000e+000 -8.180962e+000
9.560000e+000 -8.251375e+000
9.600000e+000 -8.307930e+000
9.640000e+000 -8.339923e+000
9.680000e+000 -8.343289e+000
9.720000e+000 -8.321386e+000
9.760000e+000 -8.283822e+000
9.800000e+000 -8.243610e+000
9.840000e+000 -8.213439e+000
9.880000e+000 -8.202083e+000
9.920000e+000 -8.211964e+000
9.960000e+000 -8.238569e+000
1.000000e+001 -8.271852e+000
1.004000e+001 -8.299210e+000
1.008000e+001 -8.309160e+000
1.012000e+001 -8.294691e+000
1.016000e+001 -8.255374e+000
1.020000e+001 -8.197702e+000
1.024000e+001 -8.133585e+000
1.028000e+001 -8.077404e+000
1.032000e+001 -8.042408e+000
1.036000e+001 -8.037367e+000
1.040000e+001 -8.064348e+000
1.044000e+001 -8.118166e+000
1.048000e+001 -8.187653e+000
1.052000e+001 -8.258415e+000
1.056000e+001 -8.316367e+000
1.060000e+001 -8.351145e+000
1.064000e+001 -8.358503e+000
1.068000e+001 -8.341081e+000
1.072000e+001 -8.307343e+000
1.076000e+001 -8.268982e+000
1.080000e+001 -8.237521e+000
1.084000e+001 -8.221061e+000
1.088000e+001 -8.222114e+000
1.092000e+001 -8.237116e+000
1.096000e+001 -8.257720e+000
1.100000e+001 -8.273447e+000
1.104000e+001 -8.274900e+000
1.108000e+001 -8.256623e+000
1.112000e+001 -8.218832e+000
1.116000e+001 -8.167584e+000
1.120000e+001 -8.113354e+000
1.124000e+001 -8.068433e+000
1.128000e+001 -8.043822e+000
1.132000e+001 -8.046422e+000
1.136000e+001 -8.077259e+000
1.140000e+001 -8.131163e+000
1.144000e+001 -8.198004e+000
1.148000e+001 -8.265144e+000
1.152000e+001 -8.320472e+000
1.156000e+001 -8.355251e+000
1.160000e+001 -8.366014e+000
1.164000e+001 -8.355047e+000
1.168000e+001 -8.329331e+000
1.172000e+001 -8.298269e+000
1.176000e+001 -8.270863e+000
1.180000e+001 -8.253164e+000
1.184000e+001 -8.246729e+000
1.188000e+001 -8.248510e+000
1.192000e+001 -8.252150e+000
1.196000e+001 -8.250231e+000
1.200000e+001 -8.236781e+000
1.204000e+001 -8.209318e+000
1.208000e+001 -8.169847e+000
1.212000e+001 -8.124587e+000
1.216000e+001 -8.082507e+000
1.220000e+001 -8.053096e+000
1.224000e+001 -8.043948e+000
1.228000e+001 -8.058797e+000
1.232000e+001 -8.096503e+000
1.236000e+001 -8.151259e+000
1.240000e+001 -8.213931e+000
1.244000e+001 -8.274201e+000
1.248000e+001 -8.322942e+000
1.252000e+001 -8.354207e+000
1.256000e+001 -8.366312e+000
1.260000e+001 -8.361757e+000
1.264000e+001 -8.346028e+000
1.268000e+001 -8.325673e+000
1.272000e+001 -8.306239e+000
1.276000e+001 -8.290698e+000
1.280000e+001 -8.278832e+000
1.284000e+001 -8.267706e+000
1.288000e+001 -8.253040e+000
1.292000e+001 -8.230992e+000
1.296000e+001 -8.199796e+000
1.300000e+001 -8.160743e+000
1.304000e+001 -8.118243e+000
1.308000e+001 -8.078953e+000
1.312000e+001 -8.050221e+000
1.316000e+001 -8.038278e+000
1.320000e+001 -8.046653e+000
1.324000e+001 -8.075236e+000
1.328000e+001 -8.120224e+000
1.332000e+001 -8.174962e+000
1.336000e+001 -8.231456e+000
1.340000e+001 -8.282148e+000
1.344000e+001 -8.321491e+000
1.348000e+001 -8.346914e+000
1.352000e+001 -8.358919e+000
1.356000e+001 -8.360346e+000
1.360000e+001 -8.355037e+000
1.364000e+001 -8.346356e+000
1.368000e+001 -8.336048e+000
1.372000e+001 -8.323789e+000
1.376000e+001 -8.307569e+000
1.380000e+001 -8.284739e+000
1.384000e+001 -8.253356e+000
1.388000e+001 -8.213363e+000
1.392000e+001 -8.167220e+000
1.396000e+001 -8.119771e+000
1.400000e+001 -8.077377e+000
1.404000e+001 -8.046545e+000
1.408000e+001 -8.032427e+000
1.412000e+001 -8.037589e+000
1.416000e+001 -8.061387e+000
1.420000e+001 -8.100102e+000
1.424000e+001 -8.147814e+000
1.428000e+001 -8.197768e+000
1.432000e+001 -8.243868e+000
1.436000e+001 -8.281908e+000
1.440000e+001 -8.310196e+000
1.444000e+001 -8.329419e+000
1.448000e+001 -8.341814e+000
1.452000e+001 -8.349921e+000
1.456000e+001 -8.355344e+000
1.460000e+001 -8.357947e+000
1.464000e+001 -8.355766e+000
1.468000e+001 -8.345696e+000
1.472000e+001 -8.324715e+000
1.476000e+001 -8.291247e+000
1.480000e+001 -8.246210e+000
1.484000e+001 -8.193379e+000
1.488000e+001 -8.138943e+000
1.492000e+001 -8.090331e+000
1.496000e+001 -8.054618e+000
1.500000e+001 -8.036939e+000
1.504000e+001 -8.039331e+000
1.508000e+001 -8.060299e+000
1.512000e+001 -8.095250e+000
1.516000e+001 -8.137657e+000
1.520000e+001 -8.180671e+000
1.524000e+001 -8.218732e+000
1.528000e+001 -8.248754e+000
1.532000e+001 -8.270556e+000
1.536000e+001 -8.286402e+000
1.540000e+001 -8.299795e+000
1.544000e+001 -8.313886e+000
1.548000e+001 -8.330005e+000
1.552000e+001 -8.346815e+000
1.556000e+001 -8.360405e+000
1.560000e+001 -8.365341e+000
1.564000e+001 -8.356380e+000
1.568000e+001 -8.330306e+000
1.572000e+001 -8.287327e+000
1.576000e+001 -8.231585e+000
1.580000e+001 -8.170582e+000
1.584000e+001 -8.113661e+000
1.588000e+001 -8.069928e+000
1.592000e+001 -8.046152e+000
1.596000e+001 -8.045201e+000
1.600000e+001 -8.065424e+000
1.604000e+001 -8.101147e+000
1.608000e+001 -8.144160e+000
1.612000e+001 -8.185817e+000
1.616000e+001 -8.219196e+000
1.620000e+001 -8.240753e+000
1.624000e+001 -8.251008e+000
1.628000e+001 -8.254062e+000
1.632000e+001 -8.256055e+000
1.636000e+001 -8.262975e+000
1.640000e+001 -8.278473e+000
1.644000e+001 -8.302345e+000
1.648000e+001 -8.330203e+000
1.652000e+001 -8.354494e+000
1.656000e+001 -8.366607e+000
1.660000e+001 -8.359460e+000
1.664000e+001 -8.329806e+000
1.668000e+001 -8.279572e+000
1.672000e+001 -8.215818e+000
1.676000e+001 -8.149312e+000
1.680000e+001 -8.092075e+000
1.684000e+001 -8.054531e+000
1.688000e+001 -8.043008e+000
1.692000e+001 -8.058233e+000
1.696000e+001 -8.095216e+000
1.700000e+001 -8.144567e+000
1.704000e+001 -8.194898e+000
1.708000e+001 -8.235722e+000
1.712000e+001 -8.260073e+000
1.716000e+001 -8.266174e+000
1.720000e+001 -8.257691e+000
1.724000e+001 -8.242473e+000
1.728000e+001 -8.230093e+000
1.732000e+001 -8.228853e+000
1.736000e+001 -8.243093e+000
1.740000e+001 -8.271623e+000
1.744000e+001 -8.307780e+000
1.748000e+001 -8.341146e+000
1.752000e+001 -8.360466e+000
1.756000e+001 -8.356918e+000
1.760000e+001 -8.326825e+000
1.764000e+001 -8.273014e+000
1.768000e+001 -8.204456e+000
1.772000e+001 -8.134256e+000
1.776000e+001 -8.076530e+000
1.780000e+001 -8.042959e+000
1.784000e+001 -8.039923e+000
1.788000e+001 -8.066944e+000
1.792000e+001 -8.116844e+000
1.796000e+001 -8.177580e+000
1.800000e+001 -8.235298e+000
1.804000e+001 -8.277819e+000
1.808000e+001 -8.297671e+000
1.812000e+001 -8.293868e+000
1.816000e+001 -8.271954e+000
1.820000e+001 -8.242286e+000
1.824000e+001 -8.216977e+000
1.828000e+001 -8.206325e+000
1.832000e+001 -8.215722e+000
1.836000e+001 -8.243947e+000
1.840000e+001 -8.283361e+000
1.844000e+001 -8.321975e+000
1.848000e+001 -8.346825e+000
1.852000e+001 -8.347680e+000
1.856000e+001 -8.320064e+000
1.860000e+001 -8.266753e+000
1.864000e+001 -8.197345e+000
1.868000e+001 -8.126030e+000
1.872000e+001 -8.068124e+000
1.876000e+001 -8.036282e+000
1.880000e+001 -8.037348e+000
1.884000e+001 -8.070653e+000
1.888000e+001 -8.128198e+000
1.892000e+001 -8.196669e+000
1.896000e+001 -8.260782e+000
1.900000e+001 -8.307103e+000
1.904000e+001 -8.327359e+000
1.908000e+001 -8.320388e+000
1.912000e+001 -8.292201e+000
1.916000e+001 -8.254133e+000
1.920000e+001 -8.219557e+000
1.924000e+001 -8.200046e+000
1.928000e+001 -8.202048e+000
1.932000e+001 -8.225031e+000
1.936000e+001 -8.261621e+000
1.940000e+001 -8.299714e+000
1.944000e+001 -8.325931e+000
1.948000e+001 -8.329461e+000
1.952000e+001 -8.305200e+000
1.956000e+001 -8.255363e+000
1.960000e+001 -8.189151e+000
1.964000e+001 -8.120557e+000
1.968000e+001 -8.064917e+000
1.972000e+001 -8.035078e+000
1.976000e+001 -8.038168e+000
1.980000e+001 -8.073807e+000
1.984000e+001 -8.134186e+000
1.988000e+001 -8.206016e+000
1.992000e+001 -8.273838e+000
1.996000e+001 -8.323849e+000
2.000000e+001 -8.347262e+000
2.004000e+001 -8.342339e+000
2.008000e+001 -8.314549e+000
2.012000e+001 -8.274813e+000
2.016000e+001 -8.236316e+000
2.020000e+001 -8.210737e+000
2.024000e+001 -8.204974e+000
2.028000e+001 -8.219273e+000
2.032000e+001 -8.247302e+000
2.036000e+001 -8.278104e+000
2.040000e+001 -8.299349e+000
2.044000e+001 -8.300950e+000
2.048000e+001 -8.278034e+000
2.052000e+001 -8.232473e+000
2.056000e+001 -8.172606e+000
2.060000e+001 -8.111231e+000
2.064000e+001 -8.062422e+000
2.068000e+001 -8.037979e+000
2.072000e+001 -8.044444e+000
2.076000e+001 -8.081425e+000
2.080000e+001 -8.141661e+000
2.084000e+001 -8.212802e+000
2.088000e+001 -8.280446e+000
2.092000e+001 -8.331656e+000
2.096000e+001 -8.358042e+000
2.100000e+001 -8.357623e+000
2.104000e+001 -8.334973e+000
2.108000e+001 -8.299635e+000
2.112000e+001 -8.263237e+000
2.116000e+001 -8.236130e+000
2.120000e+001 -8.224518e+000
2.124000e+001 -8.228864e+000
2.128000e+001 -8.244045e+000
2.132000e+001 -8.261117e+000
2.136000e+001 -8.270163e+000
2.140000e+001 -8.263358e+000
2.144000e+001 -8.237396e+000
2.148000e+001 -8.194643e+000
2.152000e+001 -8.142711e+000
2.156000e+001 -8.092628e+000
2.160000e+001 -8.056062e+000
2.164000e+001 -8.042366e+000
2.168000e+001 -8.056174e+000
2.172000e+001 -8.096185e+000
2.176000e+001 -8.155420e+000
2.180000e+001 -8.222896e+000
2.184000e+001 -8.286269e+000
2.188000e+001 -8.334763e+000
2.192000e+001 -8.361632e+000
2.196000e+001 -8.365509e+000
2.200000e+001 -8.350302e+000
2.204000e+001 -8.323697e+000
2.208000e+001 -8.294712e+000
2.212000e+001 -8.271017e+000
2.216000e+001 -8.256824e+000
2.220000e+001 -8.251928e+000
2.224000e+001 -8.252162e+000
2.228000e+001 -8.251043e+000
2.232000e+001 -8.242082e+000
2.236000e+001 -8.221041e+000
2.240000e+001 -8.187488e+000
2.244000e+001 -8.145236e+000
2.248000e+001 -8.101570e+000
2.252000e+001 -8.065488e+000
2.256000e+001 -8.045445e+000
2.260000e+001 -8.047183e+000
2.264000e+001 -8.072229e+000
2.268000e+001 -8.117427e+000
2.272000e+001 -8.175632e+000
2.276000e+001 -8.237369e+000
2.280000e+001 -8.293028e+000
2.284000e+001 -8.335012e+000
2.288000e+001 -8.359282e+000
2.292000e+001 -8.365912e+000
2.296000e+001 -8.358507e+000
2.300000e+001 -8.342726e+000
2.304000e+001 -8.324344e+000
2.308000e+001 -8.307472e+000
2.312000e+001 -8.293474e+000
2.316000e+001 -8.280883e+000
2.320000e+001 -8.266298e+000
2.324000e+001 -8.245920e+000
2.328000e+001 -8.217217e+000
2.332000e+001 -8.180187e+000
2.336000e+001 -8.137844e+000
2.340000e+001 -8.095794e+000
2.344000e+001 -8.061021e+000
2.348000e+001 -8.040223e+000
2.352000e+001 -8.038151e+000
2.356000e+001 -8.056391e+000
2.360000e+001 -8.092907e+000
2.364000e+001 -8.142463e+000
2.368000e+001 -8.197802e+000
2.372000e+001 -8.251283e+000
2.376000e+001 -8.296519e+000
2.380000e+001 -8.329603e+000
2.384000e+001 -8.349591e+000
2.388000e+001 -8.358146e+000
2.392000e+001 -8.358478e+000
2.396000e+001 -8.353946e+000
2.400000e+001 -8.346778e+000
2.404000e+001 -8.337335e+000
2.408000e+001 -8.324159e+000
2.412000e+001 -8.304747e+000
2.416000e+001 -8.276803e+000
2.420000e+001 -8.239496e+000
2.424000e+001 -8.194336e+000
2.428000e+001 -8.145347e+000
2.432000e+001 -8.098485e+000
2.436000e+001 -8.060438e+000
2.440000e+001 -8.037134e+000
2.444000e+001 -8.032364e+000
2.448000e+001 -8.046885e+000
2.452000e+001 -8.078239e+000
2.456000e+001 -8.121344e+000
2.460000e+001 -8.169697e+000
2.464000e+001 -8.216859e+000
2.468000e+001 -8.257837e+000
2.472000e+001 -8.289981e+000
2.476000e+001 -8.313157e+000
2.480000e+001 -8.329162e+000
2.484000e+001 -8.340583e+000
2.488000e+001 -8.349479e+000
2.492000e+001 -8.356333e+000
2.496000e+001 -8.359644e+000
2.500000e+001 -8.356332e+000
2.504000e+001 -8.342819e+000
2.508000e+001 -8.316458e+000
2.512000e+001 -8.276825e+000
2.516000e+001 -8.226446e+000
2.520000e+001 -8.170711e+000
2.524000e+001 -8.116952e+000
2.528000e+001 -8.072932e+000
2.532000e+001 -8.045116e+000
2.536000e+001 -8.037215e+000
2.540000e+001 -8.049357e+000
2.544000e+001 -8.078137e+000
2.548000e+001 -8.117513e+000
2.552000e+001 -8.160334e+000
2.556000e+001 -8.200090e+000
2.560000e+001 -8.232410e+000
2.564000e+001 -8.255910e+000
2.568000e+001 -8.272134e+000
2.572000e+001 -8.284614e+000
2.576000e+001 -8.297301e+000
2.580000e+001 -8.312860e+000
2.584000e+001 -8.331384e+000
2.588000e+001 -8.349956e+000
2.592000e+001 -8.363282e+000
2.596000e+001 -8.365213e+000
2.600000e+001 -8.350722e+000
2.604000e+001 -8.317726e+000
2.608000e+001 -8.268180e+000
2.612000e+001 -8.208100e+000
2.616000e+001 -8.146455e+000
2.620000e+001 -8.093232e+000
2.624000e+001 -8.057139e+000
2.628000e+001 -8.043575e+000
2.632000e+001 -8.053391e+000
2.636000e+001 -8.082762e+000
2.640000e+001 -8.124221e+000
2.644000e+001 -8.168590e+000
2.648000e+001 -8.207312e+000
2.652000e+001 -8.234569e+000
2.656000e+001 -8.248629e+000
2.660000e+001 -8.252031e+000
2.664000e+001 -8.250547e+000
2.668000e+001 -8.251171e+000
2.672000e+001 -8.259701e+000
2.676000e+001 -8.278628e+000
2.680000e+001 -8.305992e+000
2.684000e+001 -8.335614e+000
2.688000e+001 -8.358691e+000
2.692000e+001 -8.366314e+000
2.696000e+001 -8.352186e+000
2.700000e+001 -8.314721e+000
2.704000e+001 -8.257933e+000
2.708000e+001 -8.190821e+000
2.712000e+001 -8.125396e+000
2.716000e+001 -8.073873e+000
2.720000e+001 -8.045737e+000
2.724000e+001 -8.045455e+000
2.728000e+001 -8.071426e+000
2.732000e+001 -8.116440e+000
2.736000e+001 -8.169543e+000
2.740000e+001 -8.218829e+000
2.744000e+001 -8.254448e+000
2.748000e+001 -8.271050e+000
2.752000e+001 -8.269013e+000
2.756000e+001 -8.254109e+000
2.760000e+001 -8.235672e+000
2.764000e+001 -8.223733e+000
2.768000e+001 -8.225904e+000
2.772000e+001 -8.244915e+000
2.776000e+001 -8.277534e+000
2.780000e+001 -8.315263e+000
2.784000e+001 -8.346621e+000
2.788000e+001 -8.360403e+000
2.792000e+001 -8.348962e+000
2.796000e+001 -8.310602e+000
2.800000e+001 -8.250400e+000
2.804000e+001 -8.179227e+000
2.808000e+001 -8.111222e+000
2.812000e+001 -8.060367e+000
2.816000e+001 -8.037056e+000
2.820000e+001 -8.045534e+000
2.824000e+001 -8.082867e+000
2.828000e+001 -8.139714e+000
2.832000e+001 -8.202693e+000
2.836000e+001 -8.257766e+000
2.840000e+001 -8.293754e+000
2.844000e+001 -8.305095e+000
2.848000e+001 -8.293109e+000
2.852000e+001 -8.265420e+000
2.856000e+001 -8.233671e+000
2.860000e+001 -8.210124e+000
2.864000e+001 -8.204055e+000
2.868000e+001 -8.218980e+000
2.872000e+001 -8.251512e+000
2.876000e+001 -8.292211e+000
2.880000e+001 -8.328203e+000
2.884000e+001 -8.346825e+000
2.888000e+001 -8.339267e+000
2.892000e+001 -8.303211e+000
2.896000e+001 -8.243740e+000
2.900000e+001 -8.172285e+000
2.904000e+001 -8.103896e+000
2.908000e+001 -8.053535e+000
2.912000e+001 -8.032359e+000
2.916000e+001 -8.044936e+000
2.920000e+001 -8.088109e+000
2.924000e+001 -8.151795e+000
2.928000e+001 -8.221520e+000
2.932000e+001 -8.282045e+000
2.936000e+001 -8.321154e+000
2.940000e+001 -8.332636e+000
2.944000e+001 -8.317676e+000
2.948000e+001 -8.284287e+000
2.952000e+001 -8.244919e+000
2.956000e+001 -8.212870e+000
2.960000e+001 -8.198485e+000
2.964000e+001 -8.206205e+000
2.968000e+001 -8.233313e+000
2.972000e+001 -8.270727e+000
2.976000e+001 -8.305628e+000
2.980000e+001 -8.325139e+000
2.984000e+001 -8.320029e+000
2.988000e+001 -8.287436e+000
2.992000e+001 -8.231869e+000
2.996000e+001 -8.164250e+000
3.000000e+001 -8.099267e+000
3.004000e+001 -8.051720e+000
3.008000e+001 -8.032814e+000
3.012000e+001 -8.047332e+000
3.016000e+001 -8.092427e+000
3.020000e+001 -8.158318e+000
3.024000e+001 -8.230726e+000
3.028000e+001 -8.294415e+000
3.032000e+001 -8.336942e+000
3.036000e+001 -8.351649e+000
3.040000e+001 -8.339109e+000
3.044000e+001 -8.306663e+000
3.048000e+001 -8.266162e+000
3.052000e+001 -8.230521e+000
3.056000e+001 -8.210053e+000
3.060000e+001 -8.209609e+000
3.064000e+001 -8.227329e+000
3.068000e+001 -8.255354e+000
3.072000e+001 -8.282238e+000
3.076000e+001 -8.296361e+000
3.080000e+001 -8.289354e+000
3.084000e+001 -8.258602e+000
3.088000e+001 -8.208168e+000
3.092000e+001 -8.147919e+000
3.096000e+001 -8.091111e+000
3.100000e+001 -8.051065e+000
3.104000e+001 -8.037799e+000
3.108000e+001 -8.055482e+000
3.112000e+001 -8.101348e+000
3.116000e+001 -8.166350e+000
3.120000e+001 -8.237376e+000
3.124000e+001 -8.300457e+000
3.128000e+001 -8.344148e+000
3.132000e+001 -8.362193e+000
3.136000e+001 -8.354804e+000
3.140000e+001 -8.328204e+000
3.144000e+001 -8.292595e+000
3.148000e+001 -8.259108e+000
3.152000e+001 -8.236613e+000
3.156000e+001 -8.229308e+000
3.160000e+001 -8.235758e+000
3.164000e+001 -8.249625e+000
3.168000e+001 -8.261823e+000
3.172000e+001 -8.263414e+000
3.176000e+001 -8.248413e+000
3.180000e+001 -8.215714e+000
3.184000e+001 -8.169633e+000
3.188000e+001 -8.118967e+000
3.192000e+001 -8.074826e+000
3.196000e+001 -8.047830e+000
3.200000e+001 -8.045396e+000
3.204000e+001 -8.069821e+000
3.208000e+001 -8.117641e+000
3.212000e+001 -8.180421e+000
3.216000e+001 -8.246776e+000
3.220000e+001 -8.305085e+000
3.224000e+001 -8.346202e+000
3.228000e+001 -8.365453e+000
3.232000e+001 -8.363409e+000
3.236000e+001 -8.345252e+000
3.240000e+001 -8.318934e+000
3.244000e+001 -8.292684e+000
3.248000e+001 -8.272608e+000
3.252000e+001 -8.261083e+000
3.256000e+001 -8.256390e+000
3.260000e+001 -8.253654e+000
3.264000e+001 -8.246724e+000
3.268000e+001 -8.230404e+000
3.272000e+001 -8.202353e+000
3.276000e+001 -8.164109e+000
3.280000e+001 -8.120990e+000
3.284000e+001 -8.080902e+000
3.288000e+001 -8.052399e+000
3.292000e+001 -8.042523e+000
3.296000e+001 -8.054984e+000
3.300000e+001 -8.089155e+000
3.304000e+001 -8.140141e+000
3.308000e+001 -8.199890e+000
3.312000e+001 -8.259052e+000
3.316000e+001 -8.309101e+000
3.320000e+001 -8.344161e+000
3.324000e+001 -8.362055e+000
3.328000e+001 -8.364337e+000
3.332000e+001 -8.355306e+000
3.336000e+001 -8.340359e+000
3.340000e+001 -8.324183e+000
3.344000e+001 -8.309357e+000
3.348000e+001 -8.295791e+000
3.352000e+001 -8.281134e+000
3.356000e+001 -8.261969e+000
3.360000e+001 -8.235387e+000
3.364000e+001 -8.200398e+000
3.368000e+001 -8.158763e+000
3.372000e+001 -8.114979e+000
3.376000e+001 -8.075427e+000
3.380000e+001 -8.046934e+000
3.384000e+001 -8.035123e+000
3.388000e+001 -8.043016e+000
3.392000e+001 -8.070240e+000
3.396000e+001 -8.113056e+000
3.400000e+001 -8.165198e+000
3.404000e+001 -8.219287e+000
3.408000e+001 -8.268458e+000
3.412000e+001 -8.307757e+000
3.416000e+001 -8.334938e+000
3.420000e+001 -8.350473e+000
3.424000e+001 -8.356795e+000
3.428000e+001 -8.357043e+000
3.432000e+001 -8.353732e+000
3.436000e+001 -8.347793e+000
3.440000e+001 -8.338299e+000
3.444000e+001 -8.322967e+000
3.448000e+001 -8.299244e+000
3.452000e+001 -8.265605e+000
3.456000e+001 -8.222612e+000
3.460000e+001 -8.173386e+000
3.464000e+001 -8.123322e+000
3.468000e+001 -8.079095e+000
3.472000e+001 -8.047236e+000
3.476000e+001 -8.032650e+000
3.480000e+001 -8.037477e+000
3.484000e+001 -8.060602e+000
3.488000e+001 -8.097939e+000
3.492000e+001 -8.143427e+000
3.496000e+001 -8.190455e+000
3.500000e+001 -8.233355e+000
3.504000e+001 -8.268541e+000
3.508000e+001 -8.294992e+000
3.512000e+001 -8.313961e+000
3.516000e+001 -8.327988e+000
3.520000e+001 -8.339564e+000
3.524000e+001 -8.349876e+000
3.528000e+001 -8.358072e+000
3.532000e+001 -8.361329e+000
3.536000e+001 -8.355717e+000
3.540000e+001 -8.337607e+000
3.544000e+001 -8.305161e+000
3.548000e+001 -8.259414e+000
3.552000e+001 -8.204603e+000
3.556000e+001 -8.147581e+000
3.560000e+001 -8.096472e+000
3.564000e+001 -8.058902e+000
3.568000e+001 -8.040273e+000
3.572000e+001 -8.042546e+000
3.576000e+001 -8.063839e+000
3.580000e+001 -8.098972e+000
3.584000e+001 -8.140808e+000
3.588000e+001 -8.182039e+000
3.592000e+001 -8.216961e+000
3.596000e+001 -8.242733e+000
3.600000e+001 -8.259798e+000
3.604000e+001 -8.271304e+000
3.608000e+001 -8.281714e+000
3.612000e+001 -8.294979e+000
3.616000e+001 -8.312858e+000
3.620000e+001 -8.333932e+000
3.624000e+001 -8.353680e+000
3.628000e+001 -8.365637e+000
3.632000e+001 -8.363325e+000
3.636000e+001 -8.342380e+000
3.640000e+001 -8.302210e+000
3.644000e+001 -8.246682e+000
3.648000e+001 -8.183612e+000
3.652000e+001 -8.123149e+000
3.656000e+001 -8.075481e+000
3.660000e+001 -8.048460e+000
3.664000e+001 -8.045749e+000
3.668000e+001 -8.066008e+000
3.672000e+001 -8.103303e+000
3.676000e+001 -8.148664e+000
3.680000e+001 -8.192381e+000
3.684000e+001 -8.226463e+000
3.688000e+001 -8.246584e+000
3.692000e+001 -8.253022e+000
3.696000e+001 -8.250293e+000
3.700000e+001 -8.245565e+000
3.704000e+001 -8.246262e+000
3.708000e+001 -8.257541e+000
3.712000e+001 -8.280388e+000
3.716000e+001 -8.310952e+000
3.720000e+001 -8.341382e+000
3.724000e+001 -8.361953e+000
3.728000e+001 -8.363899e+000
3.732000e+001 -8.342114e+000
3.736000e+001 -8.296942e+000
3.740000e+001 -8.234530e+000
3.744000e+001 -8.165621e+000
3.748000e+001 -8.103102e+000
3.752000e+001 -8.058925e+000
3.756000e+001 -8.041220e+000
3.760000e+001 -8.052323e+000
3.764000e+001 -8.088251e+000
3.768000e+001 -8.139756e+000
