0.000000e+000 1.732774e-001
4.000000e-002 1.695264e-001
8.000000e-002 1.632717e-001
1.200000e-001 1.544687e-001
1.600000e-001 1.430486e-001
2.000000e-001 1.289387e-001
2.400000e-001 1.120925e-001
2.800000e-001 9.252864e-002
3.200000e-001 7.037755e-002
3.600000e-001 4.592626e-002
4.000000e-001 1.965042e-002
4.400000e-001 -7.782962e-003
4.800000e-001 -3.555325e-002
5.200000e-001 -6.276386e-002
5.600000e-001 -8.854303e-002
6.000000e-001 -1.121402e-001
6.400000e-001 -1.329915e-001
6.800000e-001 -1.507418e-001
7.200000e-001 -1.652268e-001
7.600000e-001 -1.764298e-001
8.000000e-001 -1.844295e-001
8.400000e-001 -1.893513e-001
8.800000e-001 -1.913292e-001
9.200000e-001 -1.904790e-001
9.600000e-001 -1.868823e-001
1.000000e+000 -1.805803e-001
1.040000e+000 -1.715747e-001
1.080000e+000 -1.598356e-001
1.120000e+000 -1.453179e-001
1.160000e+000 -1.279846e-001
1.200000e+000 -1.078402e-001
1.240000e+000 -8.497159e-002
1.280000e+000 -5.959212e-002
1.320000e+000 -3.208114e-002
1.360000e+000 -3.005240e-003
1.400000e+000 2.689174e-002
1.440000e+000 5.673753e-002
1.480000e+000 8.561403e-002
1.520000e+000 1.126550e-001
1.560000e+000 1.371325e-001
1.600000e+000 1.585115e-001
1.640000e+000 1.764619e-001
1.680000e+000 1.908367e-001
1.720000e+000 2.016276e-001
1.760000e+000 2.089148e-001
1.800000e+000 2.128208e-001
1.840000e+000 2.134744e-001
1.880000e+000 2.109865e-001
1.920000e+000 2.054358e-001
1.960000e+000 1.968648e-001
2.000000e+000 1.852840e-001
2.040000e+000 1.706832e-001
2.080000e+000 1.530518e-001
2.120000e+000 1.324071e-001
2.160000e+000 1.088301e-001
2.200000e+000 8.250568e-002
2.240000e+000 5.376194e-002
2.280000e+000 2.309732e-002
2.320000e+000 -8.815142e-003
2.360000e+000 -4.115593e-002
2.400000e+000 -7.302037e-002
2.440000e+000 -1.035025e-001
2.480000e+000 -1.317816e-001
2.520000e+000 -1.571901e-001
2.560000e+000 -1.792483e-001
2.600000e+000 -1.976640e-001
2.640000e+000 -2.123052e-001
2.680000e+000 -2.231578e-001
2.720000e+000 -2.302808e-001
2.760000e+000 -2.337669e-001
2.800000e+000 -2.337124e-001
2.840000e+000 -2.301974e-001
2.880000e+000 -2.232766e-001
2.920000e+000 -2.129790e-001
2.960000e+000 -1.993164e-001
3.000000e+000 -1.823004e-001
3.040000e+000 -1.619679e-001
3.080000e+000 -1.384130e-001
3.120000e+000 -1.118247e-001
3.160000e+000 -8.252162e-002
3.200000e+000 -5.097912e-002
3.240000e+000 -1.783547e-002
3.280000e+000 1.612854e-002
3.320000e+000 5.003944e-002
3.360000e+000 8.300248e-002
3.400000e+000 1.141792e-001
3.440000e+000 1.428528e-001
3.480000e+000 1.684683e-001
3.520000e+000 1.906420e-001
3.560000e+000 2.091453e-001
3.600000e+000 2.238725e-001
3.640000e+000 2.348016e-001
3.680000e+000 2.419579e-001
3.720000e+000 2.453838e-001
3.760000e+000 2.451178e-001
3.800000e+000 2.411827e-001
3.840000e+000 2.335835e-001
3.880000e+000 2.223140e-001
3.920000e+000 2.073728e-001
3.960000e+000 1.887877e-001
4.000000e+000 1.666480e-001
4.040000e+000 1.411401e-001
4.080000e+000 1.125824e-001
4.120000e+000 8.144974e-002
4.160000e+000 4.837778e-002
4.200000e+000 1.414151e-002
4.240000e+000 -2.039443e-002
4.280000e+000 -5.434478e-002
4.320000e+000 -8.687721e-002
4.360000e+000 -1.172738e-001
4.400000e+000 -1.449681e-001
4.440000e+000 -1.695542e-001
4.480000e+000 -1.907718e-001
4.520000e+000 -2.084765e-001
4.560000e+000 -2.226035e-001
4.600000e+000 -2.331333e-001
4.640000e+000 -2.400628e-001
4.680000e+000 -2.433842e-001
4.720000e+000 -2.430733e-001
4.760000e+000 -2.390860e-001
4.800000e+000 -2.313643e-001
4.840000e+000 -2.198521e-001
4.880000e+000 -2.045203e-001
4.920000e+000 -1.854009e-001
4.960000e+000 -1.626268e-001
5.000000e+000 -1.364708e-001
5.040000e+000 -1.073744e-001
5.080000e+000 -7.595593e-002
5.120000e+000 -4.298839e-002
5.160000e+000 -9.346532e-003
5.200000e+000 2.406791e-002
5.240000e+000 5.640606e-002
5.280000e+000 8.693791e-002
5.320000e+000 1.150912e-001
5.360000e+000 1.404600e-001
5.400000e+000 1.627876e-001
5.440000e+000 1.819344e-001
5.480000e+000 1.978397e-001
5.520000e+000 2.104858e-001
5.560000e+000 2.198671e-001
5.600000e+000 2.259687e-001
5.640000e+000 2.287512e-001
5.680000e+000 2.281460e-001
5.720000e+000 2.240576e-001
5.760000e+000 2.163767e-001
5.800000e+000 2.050025e-001
5.840000e+000 1.898769e-001
5.880000e+000 1.710276e-001
5.920000e+000 1.486145e-001
5.960000e+000 1.229709e-001
6.000000e+000 9.462653e-002
6.040000e+000 6.429736e-002
6.080000e+000 3.283951e-002
6.120000e+000 1.170979e-003
6.160000e+000 -2.981950e-002
6.200000e+000 -5.935371e-002
6.240000e+000 -8.681663e-002
6.280000e+000 -1.117735e-001
6.320000e+000 -1.339559e-001
6.360000e+000 -1.532278e-001
6.400000e+000 -1.695444e-001
6.440000e+000 -1.829115e-001
6.480000e+000 -1.933515e-001
6.520000e+000 -2.008780e-001
6.560000e+000 -2.054778e-001
6.600000e+000 -2.071020e-001
6.640000e+000 -2.056636e-001
6.680000e+000 -2.010445e-001
6.720000e+000 -1.931108e-001
6.760000e+000 -1.817407e-001
6.800000e+000 -1.668623e-001
6.840000e+000 -1.485030e-001
6.880000e+000 -1.268395e-001
6.920000e+000 -1.022403e-001
6.960000e+000 -7.528134e-002
7.000000e+000 -4.672457e-002
7.040000e+000 -1.745347e-002
7.080000e+000 1.162006e-002
7.120000e+000 3.965387e-002
7.160000e+000 6.595235e-002
7.200000e+000 9.000575e-002
7.240000e+000 1.114906e-001
7.280000e+000 1.302414e-001
7.320000e+000 1.462079e-001
7.360000e+000 1.594101e-001
7.400000e+000 1.698990e-001
7.440000e+000 1.777262e-001
7.480000e+000 1.829217e-001
7.520000e+000 1.854811e-001
7.560000e+000 1.853585e-001
7.600000e+000 1.824680e-001
7.640000e+000 1.766917e-001
7.680000e+000 1.678973e-001
7.720000e+000 1.559672e-001
7.760000e+000 1.408385e-001
7.800000e+000 1.225529e-001
7.840000e+000 1.013084e-001
7.880000e+000 7.749894e-002
7.920000e+000 5.172551e-002
7.960000e+000 2.476533e-002
8.000000e+000 -2.501877e-003
8.040000e+000 -2.919406e-002
8.080000e+000 -5.452555e-002
8.120000e+000 -7.787744e-002
8.160000e+000 -9.882612e-002
8.200000e+000 -1.171323e-001
8.240000e+000 -1.327043e-001
8.280000e+000 -1.455509e-001
8.320000e+000 -1.557358e-001
8.360000e+000 -1.633404e-001
8.400000e+000 -1.684360e-001
8.440000e+000 -1.710655e-001
8.480000e+000 -1.712336e-001
8.520000e+000 -1.689026e-001
8.560000e+000 -1.639958e-001
8.600000e+000 -1.564075e-001
8.640000e+000 -1.460221e-001
8.680000e+000 -1.327439e-001
8.720000e+000 -1.165376e-001
8.760000e+000 -9.747759e-002
8.800000e+000 -7.579752e-002
8.840000e+000 -5.192597e-002
8.880000e+000 -2.649180e-002
8.920000e+000 -2.863724e-004
8.960000e+000 2.581588e-002
9.000000e+000 5.096018e-002
9.040000e+000 7.440790e-002
9.080000e+000 9.560050e-002
9.120000e+000 1.141796e-001
9.160000e+000 1.299684e-001
9.200000e+000 1.429292e-001
9.240000e+000 1.531138e-001
9.280000e+000 1.606182e-001
9.320000e+000 1.655463e-001
9.360000e+000 1.679846e-001
9.400000e+000 1.679869e-001
9.440000e+000 1.655661e-001
9.480000e+000 1.606937e-001
9.520000e+000 1.533046e-001
9.560000e+000 1.433098e-001
9.600000e+000 1.306176e-001
9.640000e+000 1.151646e-001
9.680000e+000 9.695702e-002
9.720000e+000 7.611884e-002
9.760000e+000 5.293790e-002
9.800000e+000 2.789611e-002
9.840000e+000 1.667425e-003
9.880000e+000 -2.492704e-002
9.920000e+000 -5.100336e-002
9.960000e+000 -7.571826e-002
1.000000e+001 -9.836222e-002
1.004000e+001 -1.184173e-001
1.008000e+001 -1.355702e-001
1.012000e+001 -1.496880e-001
1.016000e+001 -1.607717e-001
1.020000e+001 -1.689051e-001
1.024000e+001 -1.742083e-001
1.028000e+001 -1.768034e-001
1.032000e+001 -1.767896e-001
1.036000e+001 -1.742303e-001
1.040000e+001 -1.691469e-001
1.044000e+001 -1.615206e-001
1.048000e+001 -1.513000e-001
1.052000e+001 -1.384168e-001
1.056000e+001 -1.228099e-001
1.060000e+001 -1.044587e-001
1.064000e+001 -8.342544e-002
1.068000e+001 -5.990194e-002
1.072000e+001 -3.425071e-002
1.076000e+001 -7.027202e-003
1.080000e+001 2.103194e-002
1.084000e+001 4.906227e-002
1.088000e+001 7.616008e-002
1.092000e+001 1.014844e-001
1.096000e+001 1.243440e-001
1.100000e+001 1.442479e-001
1.104000e+001 1.609115e-001
1.108000e+001 1.742280e-001
1.112000e+001 1.842205e-001
1.116000e+001 1.909895e-001
1.120000e+001 1.946682e-001
1.124000e+001 1.953874e-001
1.128000e+001 1.932537e-001
1.132000e+001 1.883364e-001
1.136000e+001 1.806647e-001
1.140000e+001 1.702309e-001
1.144000e+001 1.570021e-001
1.148000e+001 1.409396e-001
1.152000e+001 1.220258e-001
1.156000e+001 1.003011e-001
1.160000e+001 7.590656e-002
1.164000e+001 4.912620e-002
1.168000e+001 2.042046e-002
1.172000e+001 -9.564605e-003
1.176000e+001 -4.002258e-002
1.180000e+001 -7.004979e-002
1.184000e+001 -9.873535e-002
1.188000e+001 -1.252562e-001
1.192000e+001 -1.489516e-001
1.196000e+001 -1.693616e-001
1.200000e+001 -1.862244e-001
1.204000e+001 -1.994454e-001
1.208000e+001 -2.090497e-001
1.212000e+001 -2.151329e-001
1.216000e+001 -2.178192e-001
1.220000e+001 -2.172297e-001
1.224000e+001 -2.134623e-001
1.228000e+001 -2.065817e-001
1.232000e+001 -1.966188e-001
1.236000e+001 -1.835774e-001
1.240000e+001 -1.674501e-001
1.244000e+001 -1.482419e-001
1.248000e+001 -1.260015e-001
1.252000e+001 -1.008593e-001
1.256000e+001 -7.306787e-002
1.260000e+001 -4.303536e-002
1.264000e+001 -1.134330e-002
1.268000e+001 2.126354e-002
1.272000e+001 5.392017e-002
1.276000e+001 8.571330e-002
1.280000e+001 1.157671e-001
1.284000e+001 1.433216e-001
1.288000e+001 1.677861e-001
1.292000e+001 1.887577e-001
1.296000e+001 2.060088e-001
1.300000e+001 2.194527e-001
1.304000e+001 2.291007e-001
1.308000e+001 2.350195e-001
1.312000e+001 2.372967e-001
1.316000e+001 2.360151e-001
1.320000e+001 2.312383e-001
1.324000e+001 2.230052e-001
1.328000e+001 2.113336e-001
1.332000e+001 1.962335e-001
1.336000e+001 1.777273e-001
1.340000e+001 1.558791e-001
1.344000e+001 1.308296e-001
1.348000e+001 1.028324e-001
1.352000e+001 7.228596e-002
1.356000e+001 3.974980e-002
1.360000e+001 5.938099e-003
1.364000e+001 -2.831616e-002
1.368000e+001 -6.212261e-002
1.372000e+001 -9.460897e-002
1.376000e+001 -1.249930e-001
1.380000e+001 -1.526354e-001
1.384000e+001 -1.770634e-001
1.388000e+001 -1.979674e-001
1.392000e+001 -2.151756e-001
1.396000e+001 -2.286182e-001
1.400000e+001 -2.382897e-001
1.404000e+001 -2.442161e-001
1.408000e+001 -2.464288e-001
1.412000e+001 -2.449491e-001
1.416000e+001 -2.397810e-001
1.420000e+001 -2.309134e-001
1.424000e+001 -2.183317e-001
1.428000e+001 -2.020384e-001
1.432000e+001 -1.820819e-001
1.436000e+001 -1.585913e-001
1.440000e+001 -1.318134e-001
1.444000e+001 -1.021433e-001
1.448000e+001 -7.013950e-002
1.452000e+001 -3.651545e-002
1.456000e+001 -2.101863e-003
1.460000e+001 3.221509e-002
1.464000e+001 6.556796e-002
1.468000e+001 9.717739e-002
1.472000e+001 1.264018e-001
1.476000e+001 1.527591e-001
1.480000e+001 1.759223e-001
1.484000e+001 1.956951e-001
1.488000e+001 2.119773e-001
1.492000e+001 2.247294e-001
1.496000e+001 2.339398e-001
1.500000e+001 2.396005e-001
1.504000e+001 2.416903e-001
1.508000e+001 2.401673e-001
1.512000e+001 2.349698e-001
1.516000e+001 2.260269e-001
1.520000e+001 2.132794e-001
1.524000e+001 1.967095e-001
1.528000e+001 1.763793e-001
1.532000e+001 1.524725e-001
1.536000e+001 1.253310e-001
1.540000e+001 9.547653e-002
1.544000e+001 6.360503e-002
1.548000e+001 3.054877e-002
1.552000e+001 -2.790381e-003
1.556000e+001 -3.552265e-002
1.560000e+001 -6.684744e-002
1.564000e+001 -9.610822e-002
1.568000e+001 -1.228166e-001
1.572000e+001 -1.466469e-001
1.576000e+001 -1.674093e-001
1.580000e+001 -1.850130e-001
1.584000e+001 -1.994277e-001
1.588000e+001 -2.106494e-001
1.592000e+001 -2.186738e-001
1.596000e+001 -2.234774e-001
1.600000e+001 -2.250075e-001
1.604000e+001 -2.231798e-001
1.608000e+001 -2.178855e-001
1.612000e+001 -2.090081e-001
1.616000e+001 -1.964508e-001
1.620000e+001 -1.801753e-001
1.624000e+001 -1.602477e-001
1.628000e+001 -1.368861e-001
1.632000e+001 -1.104966e-001
1.636000e+001 -8.168502e-002
1.640000e+001 -5.123209e-002
1.644000e+001 -2.003102e-002
1.648000e+001 1.100062e-002
1.652000e+001 4.101253e-002
1.656000e+001 6.929381e-002
1.660000e+001 9.531098e-002
1.664000e+001 1.187102e-001
1.668000e+001 1.392924e-001
1.672000e+001 1.569739e-001
1.676000e+001 1.717439e-001
1.680000e+001 1.836259e-001
1.684000e+001 1.926474e-001
1.688000e+001 1.988174e-001
1.692000e+001 2.021128e-001
1.696000e+001 2.024714e-001
1.700000e+001 1.997939e-001
1.704000e+001 1.939532e-001
1.708000e+001 1.848145e-001
1.712000e+001 1.722668e-001
1.716000e+001 1.562654e-001
1.720000e+001 1.368830e-001
1.724000e+001 1.143592e-001
1.728000e+001 8.913571e-002
1.732000e+001 6.185928e-002
1.736000e+001 3.334384e-002
1.740000e+001 4.492276e-003
1.744000e+001 -2.380292e-002
1.748000e+001 -5.075337e-002
1.752000e+001 -7.573878e-002
1.756000e+001 -9.833051e-002
1.760000e+001 -1.182787e-001
1.764000e+001 -1.354758e-001
1.768000e+001 -1.499114e-001
1.772000e+001 -1.616284e-001
1.776000e+001 -1.706868e-001
1.780000e+001 -1.771369e-001
1.784000e+001 -1.810010e-001
1.788000e+001 -1.822631e-001
1.792000e+001 -1.808653e-001
1.796000e+001 -1.767111e-001
1.800000e+001 -1.696777e-001
1.804000e+001 -1.596363e-001
1.808000e+001 -1.464858e-001
1.812000e+001 -1.301959e-001
1.816000e+001 -1.108593e-001
1.820000e+001 -8.874036e-002
1.824000e+001 -6.430659e-002
1.828000e+001 -3.822612e-002
1.832000e+001 -1.132050e-002
1.836000e+001 1.552134e-002
1.840000e+001 4.144649e-002
1.844000e+001 6.572942e-002
1.848000e+001 8.782778e-002
1.852000e+001 1.073952e-001
1.856000e+001 1.242588e-001
1.860000e+001 1.383759e-001
1.864000e+001 1.497865e-001
1.868000e+001 1.585699e-001
1.872000e+001 1.648110e-001
1.876000e+001 1.685763e-001
1.880000e+001 1.698988e-001
1.884000e+001 1.687713e-001
1.888000e+001 1.651443e-001
1.892000e+001 1.589326e-001
1.896000e+001 1.500280e-001
1.900000e+001 1.383224e-001
1.904000e+001 1.237406e-001
1.908000e+001 1.062854e-001
1.912000e+001 8.608645e-002
1.916000e+001 6.344749e-002
1.920000e+001 3.887227e-002
1.924000e+001 1.305554e-002
1.928000e+001 -1.317060e-002
1.932000e+001 -3.892736e-002
1.936000e+001 -6.339325e-002
1.940000e+001 -8.589151e-002
1.944000e+001 -1.059388e-001
1.948000e+001 -1.232498e-001
1.952000e+001 -1.377082e-001
1.956000e+001 -1.493191e-001
1.960000e+001 -1.581600e-001
1.964000e+001 -1.643376e-001
1.968000e+001 -1.679558e-001
1.972000e+001 -1.690942e-001
1.976000e+001 -1.677956e-001
1.980000e+001 -1.640609e-001
1.984000e+001 -1.578504e-001
1.988000e+001 -1.490924e-001
1.992000e+001 -1.376983e-001
1.996000e+001 -1.235876e-001
2.000000e+001 -1.067228e-001
2.004000e+001 -8.715355e-002
2.008000e+001 -6.506476e-002
2.012000e+001 -4.081862e-002
2.016000e+001 -1.497435e-002
2.020000e+001 1.172885e-002
2.024000e+001 3.843217e-002
2.028000e+001 6.425133e-002
2.032000e+001 8.837965e-002
2.036000e+001 1.101707e-001
2.040000e+001 1.291803e-001
2.044000e+001 1.451649e-001
2.048000e+001 1.580471e-001
2.052000e+001 1.678661e-001
2.056000e+001 1.747262e-001
2.060000e+001 1.787550e-001
2.064000e+001 1.800716e-001
2.068000e+001 1.787665e-001
2.072000e+001 1.748912e-001
2.076000e+001 1.684552e-001
2.080000e+001 1.594301e-001
2.084000e+001 1.477606e-001
2.088000e+001 1.333831e-001
2.092000e+001 1.162537e-001
2.096000e+001 9.638504e-002
2.100000e+001 7.389065e-002
2.104000e+001 4.903054e-002
2.108000e+001 2.224635e-002
2.112000e+001 -5.828237e-003
2.116000e+001 -3.439490e-002
2.120000e+001 -6.255850e-002
2.124000e+001 -8.942305e-002
2.128000e+001 -1.141908e-001
2.132000e+001 -1.362373e-001
2.136000e+001 -1.551449e-001
2.140000e+001 -1.706959e-001
2.144000e+001 -1.828344e-001
2.148000e+001 -1.916158e-001
2.152000e+001 -1.971567e-001
2.156000e+001 -1.995928e-001
2.160000e+001 -1.990488e-001
2.164000e+001 -1.956201e-001
2.168000e+001 -1.893632e-001
2.172000e+001 -1.802960e-001
2.176000e+001 -1.684038e-001
2.180000e+001 -1.536546e-001
2.184000e+001 -1.360213e-001
2.188000e+001 -1.155133e-001
2.192000e+001 -9.221510e-002
2.196000e+001 -6.632990e-002
2.200000e+001 -3.821861e-002
2.204000e+001 -8.424045e-003
2.208000e+001 2.233334e-002
2.212000e+001 5.319631e-002
2.216000e+001 8.324579e-002
2.220000e+001 1.115944e-001
2.224000e+001 1.374745e-001
2.228000e+001 1.602984e-001
2.232000e+001 1.796804e-001
2.236000e+001 1.954218e-001
2.240000e+001 2.074730e-001
2.244000e+001 2.158848e-001
2.248000e+001 2.207618e-001
2.252000e+001 2.222250e-001
2.256000e+001 2.203849e-001
2.260000e+001 2.153249e-001
2.264000e+001 2.070958e-001
2.268000e+001 1.957183e-001
2.272000e+001 1.811935e-001
2.276000e+001 1.635221e-001
2.280000e+001 1.427317e-001
2.284000e+001 1.189112e-001
2.288000e+001 9.224964e-002
2.292000e+001 6.307417e-002
2.296000e+001 3.187637e-002
2.300000e+001 -6.824067e-004
2.304000e+001 -3.379620e-002
2.308000e+001 -6.657095e-002
2.312000e+001 -9.810326e-002
2.316000e+001 -1.275634e-001
2.320000e+001 -1.542622e-001
2.324000e+001 -1.776885e-001
2.328000e+001 -1.975129e-001
2.332000e+001 -2.135649e-001
2.336000e+001 -2.257951e-001
2.340000e+001 -2.342322e-001
2.344000e+001 -2.389444e-001
2.348000e+001 -2.400099e-001
2.352000e+001 -2.374956e-001
2.356000e+001 -2.314479e-001
2.360000e+001 -2.218906e-001
2.364000e+001 -2.088340e-001
2.368000e+001 -1.922908e-001
2.372000e+001 -1.723013e-001
2.376000e+001 -1.489660e-001
2.380000e+001 -1.224808e-001
2.384000e+001 -9.317248e-002
2.388000e+001 -6.152269e-002
2.392000e+001 -2.817321e-002
2.396000e+001 6.095832e-003
2.400000e+001 4.041564e-002
2.404000e+001 7.389851e-002
2.408000e+001 1.057126e-001
2.412000e+001 1.351445e-001
2.416000e+001 1.616369e-001
2.420000e+001 1.847978e-001
2.424000e+001 2.043848e-001
2.428000e+001 2.202741e-001
2.432000e+001 2.324234e-001
2.436000e+001 2.408364e-001
2.440000e+001 2.455342e-001
2.444000e+001 2.465343e-001
2.448000e+001 2.438394e-001
2.452000e+001 2.374350e-001
2.456000e+001 2.272966e-001
2.460000e+001 2.134055e-001
2.464000e+001 1.957748e-001
2.468000e+001 1.744813e-001
2.472000e+001 1.497036e-001
2.476000e+001 1.217565e-001
2.480000e+001 9.111636e-002
2.484000e+001 5.842405e-002
2.488000e+001 2.446147e-002
2.492000e+001 -9.900754e-003
2.496000e+001 -4.377444e-002
2.500000e+001 -7.632854e-002
2.504000e+001 -1.068501e-001
2.508000e+001 -1.347797e-001
2.512000e+001 -1.597188e-001
2.516000e+001 -1.814128e-001
2.520000e+001 -1.997203e-001
2.524000e+001 -2.145767e-001
2.528000e+001 -2.259593e-001
2.532000e+001 -2.338588e-001
2.536000e+001 -2.382584e-001
2.540000e+001 -2.391218e-001
2.544000e+001 -2.363889e-001
2.548000e+001 -2.299825e-001
2.552000e+001 -2.198225e-001
2.556000e+001 -2.058520e-001
2.560000e+001 -1.880722e-001
2.564000e+001 -1.665837e-001
2.568000e+001 -1.416289e-001
2.572000e+001 -1.136245e-001
2.576000e+001 -8.317212e-002
2.580000e+001 -5.103826e-002
2.584000e+001 -1.810037e-002
2.588000e+001 1.473101e-002
2.592000e+001 4.659639e-002
2.596000e+001 7.675722e-002
2.600000e+001 1.046372e-001
2.604000e+001 1.298315e-001
2.608000e+001 1.520886e-001
2.612000e+001 1.712772e-001
2.616000e+001 1.873462e-001
2.620000e+001 2.002874e-001
2.624000e+001 2.101044e-001
2.628000e+001 2.167895e-001
2.632000e+001 2.203085e-001
2.636000e+001 2.205944e-001
2.640000e+001 2.175483e-001
2.644000e+001 2.110507e-001
2.648000e+001 2.009823e-001
2.652000e+001 1.872564e-001
2.656000e+001 1.698618e-001
2.660000e+001 1.489112e-001
2.664000e+001 1.246871e-001
2.668000e+001 9.767105e-002
2.672000e+001 6.854146e-002
2.676000e+001 3.813307e-002
2.680000e+001 7.360355e-003
2.684000e+001 -2.287677e-002
2.688000e+001 -5.178069e-002
2.692000e+001 -7.871590e-002
2.696000e+001 -1.032316e-001
2.700000e+001 -1.250503e-001
2.704000e+001 -1.440346e-001
2.708000e+001 -1.601444e-001
2.712000e+001 -1.733949e-001
2.716000e+001 -1.838210e-001
2.720000e+001 -1.914506e-001
2.724000e+001 -1.962853e-001
2.728000e+001 -1.982903e-001
2.732000e+001 -1.973908e-001
2.736000e+001 -1.934761e-001
2.740000e+001 -1.864133e-001
2.744000e+001 -1.760713e-001
2.748000e+001 -1.623558e-001
2.752000e+001 -1.452564e-001
2.756000e+001 -1.248983e-001
2.760000e+001 -1.015891e-001
2.764000e+001 -7.584414e-002
2.768000e+001 -4.837542e-002
2.772000e+001 -2.003733e-002
2.776000e+001 8.262988e-003
2.780000e+001 3.566706e-002
2.784000e+001 6.145043e-002
2.788000e+001 8.507196e-002
2.792000e+001 1.061819e-001
2.796000e+001 1.245978e-001
2.800000e+001 1.402623e-001
2.804000e+001 1.531970e-001
2.808000e+001 1.634613e-001
2.812000e+001 1.711192e-001
2.816000e+001 1.762165e-001
2.820000e+001 1.787659e-001
2.824000e+001 1.787392e-001
2.828000e+001 1.760668e-001
2.832000e+001 1.706439e-001
2.836000e+001 1.623453e-001
2.840000e+001 1.510506e-001
2.844000e+001 1.366809e-001
2.848000e+001 1.192457e-001
2.852000e+001 9.889481e-002
2.856000e+001 7.596315e-002
2.860000e+001 5.099157e-002
2.864000e+001 2.470896e-002
2.868000e+001 -2.030360e-003
2.872000e+001 -2.834218e-002
2.876000e+001 -5.341511e-002
2.880000e+001 -7.659121e-002
2.884000e+001 -9.740616e-002
2.888000e+001 -1.155873e-001
2.892000e+001 -1.310214e-001
2.896000e+001 -1.437076e-001
2.900000e+001 -1.537105e-001
2.904000e+001 -1.611197e-001
2.908000e+001 -1.660196e-001
2.912000e+001 -1.684695e-001
2.916000e+001 -1.684915e-001
2.920000e+001 -1.660661e-001
2.924000e+001 -1.611331e-001
2.928000e+001 -1.536007e-001
2.932000e+001 -1.433617e-001
2.936000e+001 -1.303198e-001
2.940000e+001 -1.144272e-001
2.944000e+001 -9.573089e-002
2.948000e+001 -7.442261e-002
2.952000e+001 -5.087964e-002
2.956000e+001 -2.567994e-002
2.960000e+001 4.226550e-004
2.964000e+001 2.656698e-002
2.968000e+001 5.188324e-002
2.972000e+001 7.559447e-002
2.976000e+001 9.709193e-002
2.980000e+001 1.159678e-001
2.984000e+001 1.320060e-001
2.988000e+001 1.451439e-001
2.992000e+001 1.554227e-001
2.996000e+001 1.629392e-001
3.000000e+001 1.678066e-001
3.004000e+001 1.701257e-001
3.008000e+001 1.699670e-001
3.012000e+001 1.673615e-001
3.016000e+001 1.622982e-001
3.020000e+001 1.547279e-001
3.024000e+001 1.445746e-001
3.028000e+001 1.317539e-001
3.032000e+001 1.162021e-001
3.036000e+001 9.791423e-002
3.040000e+001 7.699048e-002
3.044000e+001 5.368317e-002
3.048000e+001 2.843192e-002
3.052000e+001 1.871261e-003
3.056000e+001 -2.520235e-002
3.060000e+001 -5.190500e-002
3.064000e+001 -7.736579e-002
3.068000e+001 -1.008256e-001
3.072000e+001 -1.217067e-001
3.076000e+001 -1.396384e-001
3.080000e+001 -1.544425e-001
3.084000e+001 -1.660905e-001
3.088000e+001 -1.746527e-001
3.092000e+001 -1.802488e-001
3.096000e+001 -1.830090e-001
3.100000e+001 -1.830466e-001
3.104000e+001 -1.804418e-001
3.108000e+001 -1.752338e-001
3.112000e+001 -1.674208e-001
3.116000e+001 -1.569670e-001
3.120000e+001 -1.438163e-001
3.124000e+001 -1.279148e-001
3.128000e+001 -1.092423e-001
3.132000e+001 -8.785236e-002
3.136000e+001 -6.391745e-002
3.140000e+001 -3.777179e-002
3.144000e+001 -9.937933e-003
3.148000e+001 1.887651e-002
3.152000e+001 4.782198e-002
3.156000e+001 7.598720e-002
3.160000e+001 1.024987e-001
3.164000e+001 1.266130e-001
3.168000e+001 1.477769e-001
3.172000e+001 1.656455e-001
3.176000e+001 1.800623e-001
3.180000e+001 1.910154e-001
3.184000e+001 1.985857e-001
3.188000e+001 2.028996e-001
3.192000e+001 2.040911e-001
3.196000e+001 2.022763e-001
3.200000e+001 1.975377e-001
3.204000e+001 1.899195e-001
3.208000e+001 1.794293e-001
3.212000e+001 1.660487e-001
3.216000e+001 1.497510e-001
3.220000e+001 1.305275e-001
3.224000e+001 1.084220e-001
3.228000e+001 8.357217e-002
3.232000e+001 5.625079e-002
3.236000e+001 2.689988e-002
3.240000e+001 -3.856709e-003
3.244000e+001 -3.523246e-002
3.248000e+001 -6.633360e-002
3.252000e+001 -9.624277e-002
3.256000e+001 -1.241114e-001
3.260000e+001 -1.492373e-001
3.264000e+001 -1.711088e-001
3.268000e+001 -1.894117e-001
3.272000e+001 -2.040039e-001
3.276000e+001 -2.148727e-001
3.280000e+001 -2.220874e-001
3.284000e+001 -2.257557e-001
3.288000e+001 -2.259914e-001
3.292000e+001 -2.228914e-001
3.296000e+001 -2.165243e-001
3.300000e+001 -2.069277e-001
3.304000e+001 -1.941146e-001
3.308000e+001 -1.780877e-001
3.312000e+001 -1.588622e-001
3.316000e+001 -1.364965e-001
3.320000e+001 -1.111286e-001
3.324000e+001 -8.301500e-002
3.328000e+001 -5.256297e-002
3.332000e+001 -2.034778e-002
3.336000e+001 1.289627e-002
3.340000e+001 4.631585e-002
3.344000e+001 7.900602e-002
3.348000e+001 1.100915e-001
3.352000e+001 1.388024e-001
3.356000e+001 1.645272e-001
3.360000e+001 1.868338e-001
3.364000e+001 2.054610e-001
3.368000e+001 2.202874e-001
3.372000e+001 2.312923e-001
3.376000e+001 2.385145e-001
3.380000e+001 2.420185e-001
3.384000e+001 2.418693e-001
3.388000e+001 2.381164e-001
3.392000e+001 2.307887e-001
3.396000e+001 2.198975e-001
3.400000e+001 2.054489e-001
3.404000e+001 1.874648e-001
3.408000e+001 1.660113e-001
3.412000e+001 1.412340e-001
3.416000e+001 1.133934e-001
3.420000e+001 8.289544e-002
3.424000e+001 5.030621e-002
3.428000e+001 1.634359e-002
3.432000e+001 -1.815980e-002
3.436000e+001 -5.231794e-002
3.440000e+001 -8.526523e-002
3.444000e+001 -1.162260e-001
3.448000e+001 -1.445646e-001
3.452000e+001 -1.698072e-001
3.456000e+001 -1.916379e-001
3.460000e+001 -2.098735e-001
3.464000e+001 -2.244291e-001
3.468000e+001 -2.352816e-001
3.472000e+001 -2.424378e-001
3.476000e+001 -2.459095e-001
3.480000e+001 -2.456978e-001
3.484000e+001 -2.417863e-001
3.488000e+001 -2.341435e-001
3.492000e+001 -2.227347e-001
3.496000e+001 -2.075429e-001
3.500000e+001 -1.885986e-001
3.504000e+001 -1.660163e-001
3.508000e+001 -1.400322e-001
3.512000e+001 -1.110364e-001
3.516000e+001 -7.958782e-002
3.520000e+001 -4.640481e-002
3.524000e+001 -1.232503e-002
3.528000e+001 2.175912e-002
3.532000e+001 5.497706e-002
3.536000e+001 8.655051e-002
3.540000e+001 1.158426e-001
3.544000e+001 1.423786e-001
3.548000e+001 1.658390e-001
3.552000e+001 1.860340e-001
3.556000e+001 2.028677e-001
3.560000e+001 2.163022e-001
3.564000e+001 2.263251e-001
3.568000e+001 2.329240e-001
3.572000e+001 2.360707e-001
3.576000e+001 2.357122e-001
3.580000e+001 2.317718e-001
3.584000e+001 2.241587e-001
3.588000e+001 2.127885e-001
3.592000e+001 1.976129e-001
3.596000e+001 1.786598e-001
3.600000e+001 1.560769e-001
3.604000e+001 1.301725e-001
3.608000e+001 1.014410e-001
3.612000e+001 7.056118e-002
3.616000e+001 3.835947e-002
3.620000e+001 5.742182e-003
3.624000e+001 -2.639021e-002
3.628000e+001 -5.722488e-002
3.632000e+001 -8.609573e-002
3.636000e+001 -1.125098e-001
3.640000e+001 -1.361424e-001
3.644000e+001 -1.568090e-001
3.648000e+001 -1.744276e-001
3.652000e+001 -1.889781e-001
3.656000e+001 -2.004671e-001
3.660000e+001 -2.089005e-001
3.664000e+001 -2.142638e-001
3.668000e+001 -2.165105e-001
3.672000e+001 -2.155590e-001
3.676000e+001 -2.112977e-001
3.680000e+001 -2.035994e-001
3.684000e+001 -1.923472e-001
3.688000e+001 -1.774711e-001
3.692000e+001 -1.589947e-001
3.696000e+001 -1.370847e-001
3.700000e+001 -1.120934e-001
3.704000e+001 -8.457752e-002
3.708000e+001 -5.528192e-002
3.712000e+001 -2.508246e-002
3.716000e+001 5.101714e-003
3.720000e+001 3.440451e-002
3.724000e+001 6.209252e-002
3.728000e+001 8.761046e-002
3.732000e+001 1.105884e-001
3.736000e+001 1.308192e-001
3.740000e+001 1.482187e-001
3.744000e+001 1.627821e-001
3.748000e+001 1.745432e-001
3.752000e+001 1.835430e-001
3.756000e+001 1.898058e-001
3.760000e+001 1.933237e-001
3.764000e+001 1.940496e-001
3.768000e+001 1.918963e-001
